timestamp_ms,value
599616126179.2955,-153
599616126186.9878,-149
599616126194.6802,-153
599616126202.3724,-156
599616126210.0648,-156
599616126217.7571,-170
599616126225.4493,-194
599616126233.1417,-238
599616126240.834,-288
599616126248.5262,-324
599616126256.2186,-346
599616126263.9109,-370
599616126271.6033,-382
599616126279.2955,-384
599616126286.9878,-384
599616126294.6802,-384
599616126302.3724,-384
599616126310.0648,-384
599616126317.7571,-375
599616126325.4493,-367
599616126333.1417,-377
599616126340.834,-372
599616126348.5262,-360
599616126356.2186,-358
599616126363.9109,-363
599616126371.6033,-358
599616126379.2955,-351
599616126386.9878,-346
599616126394.6802,-346
599616126402.3724,-348
599616126410.0648,-348
599616126417.7571,-351
599616126425.4493,-353
599616126433.1417,-348
599616126440.834,-341
599616126448.5262,-341
599616126456.2186,-351
599616126463.9109,-351
599616126471.6033,-341
599616126479.2955,-339
599616126486.9878,-341
599616126494.6802,-339
599616126502.3724,-334
599616126510.0648,-331
599616126517.7571,-336
599616126525.4493,-339
599616126533.1417,-339
599616126540.834,-339
599616126548.5262,-339
599616126556.2186,-324
599616126563.9109,-286
599616126571.6033,-266
599616126579.2955,-283
599616126586.9878,-300
599616126594.6802,-298
599616126602.3724,-312
599616126610.0648,-336
599616126617.7571,-339
599616126625.4493,-329
599616126633.1417,-324
599616126640.834,-322
599616126648.5262,-322
599616126656.2186,-324
599616126663.9109,-327
599616126671.6033,-346
599616126679.2955,-411
599616126686.9878,-411
599616126694.6802,-115
599616126702.3724,428
599616126710.0648,743
599616126717.7571,168
599616126725.4493,-827
599616126733.1417,-889
599616126740.547,-396
599616126748.2393,-370
599616126755.9316,-440
599616126763.6239,-310
599616126771.3163,-295
599616126779.0085,-346
599616126786.7008,-315
599616126794.3932,-288
599616126802.0854,-303
599616126809.7777,-295
599616126817.4701,-281
599616126825.1624,-276
599616126832.8547,-266
599616126840.547,-252
599616126848.2393,-245
599616126855.9316,-238
599616126863.6239,-226
599616126871.3163,-214
599616126879.0085,-199
599616126886.7008,-175
599616126894.3932,-156
599616126902.0854,-141
599616126909.7777,-134
599616126917.4701,-127
599616126925.1624,-125
599616126932.8547,-129
599616126940.547,-146
599616126948.2393,-170
599616126955.9316,-204
599616126963.6239,-247
599616126971.3163,-286
599616126979.0085,-317
599616126986.7008,-341
599616126994.3932,-360
599616127002.0854,-367
599616127009.7777,-365
599616127017.4701,-360
599616127025.1624,-358
599616127032.8547,-355
599616127040.547,-351
599616127048.2393,-351
599616127055.9316,-343
599616127063.6239,-336
599616127071.3163,-331
599616127079.0085,-329
599616127086.7008,-331
599616127094.3932,-329
599616127102.0854,-324
599616127109.7777,-322
599616127117.4701,-319
599616127125.1624,-319
599616127132.8547,-324
599616127140.547,-324
599616127148.2393,-319
599616127155.9316,-317
599616127163.6239,-315
599616127171.3163,-317
599616127179.0085,-319
599616127186.7008,-319
599616127194.3932,-315
599616127202.0854,-312
599616127209.7777,-310
599616127217.4701,-312
599616127225.1624,-315
599616127232.8547,-312
599616127240.547,-307
599616127248.2393,-305
599616127255.9316,-305
599616127263.6239,-303
599616127271.3163,-307
599616127279.0085,-317
599616127286.7008,-319
599616127294.3932,-310
599616127301.7983,-283
599616127309.4906,-250
599616127317.183,-245
599616127324.8752,-264
599616127332.5676,-274
599616127340.2599,-276
599616127347.9521,-293
599616127355.6445,-312
599616127363.3368,-315
599616127371.029,-310
599616127378.7214,-307
599616127386.4137,-303
599616127394.1061,-303
599616127401.7983,-303
599616127409.4906,-307
599616127417.183,-343
599616127424.8752,-413
599616127432.5676,-339
599616127440.2599,69
599616127447.9521,615
599616127455.6445,711
599616127463.3368,-69
599616127471.029,-870
599616127478.7214,-685
599616127486.4137,-305
599616127494.1061,-377
599616127501.7983,-384
599616127509.4906,-281
599616127517.183,-303
599616127524.8752,-324
599616127532.5676,-288
599616127540.2599,-286
599616127547.9521,-293
599616127555.6445,-271
599616127563.3368,-262
599616127571.029,-264
599616127578.7214,-257
599616127586.4137,-245
599616127594.1061,-240
599616127601.7983,-226
599616127609.4906,-214
599616127617.183,-202
599616127624.8752,-185
599616127632.5676,-168
599616127640.2599,-153
599616127647.9521,-139
599616127655.6445,-127
599616127663.3368,-122
599616127671.029,-127
599616127678.7214,-137
599616127686.4137,-151
599616127694.1061,-173
599616127701.7983,-202
599616127709.4906,-240
599616127717.183,-278
599616127724.8752,-310
599616127732.5676,-329
599616127740.2599,-336
599616127747.9521,-341
599616127755.6445,-341
599616127763.3368,-339
599616127771.029,-336
599616127778.7214,-336
599616127786.4137,-331
599616127794.1061,-324
599616127801.7983,-322
599616127809.4906,-319
599616127817.183,-319
599616127824.8752,-317
599616127832.5676,-312
599616127840.2599,-312
599616127847.9521,-312
599616127855.6445,-312
599616127863.0347,-312
599616127870.7269,-315
599616127878.4193,-317
599616127886.1116,-317
599616127893.804,-317
599616127901.4962,-317
599616127909.1885,-317
599616127916.8809,-315
599616127924.5731,-312
599616127932.2654,-312
599616127939.9578,-312
599616127947.65,-319
599616127955.3424,-319
599616127963.0347,-312
599616127970.7269,-310
599616127978.4193,-312
599616127986.1116,-310
599616127993.804,-310
599616128001.4962,-310
599616128009.1885,-310
599616128016.8809,-315
599616128024.5731,-317
599616128032.2654,-319
599616128039.9578,-295
599616128047.65,-257
599616128055.3424,-245
599616128063.0347,-262
599616128070.7269,-276
599616128078.4193,-276
599616128086.1116,-288
599616128093.804,-312
599616128101.4962,-319
599616128109.1885,-307
599616128116.8809,-305
599616128124.5731,-307
599616128132.2654,-305
599616128139.9578,-303
599616128147.65,-305
599616128155.3424,-327
599616128163.0347,-394
599616128170.7269,-387
599616128178.4193,-74
599616128186.1116,459
599616128193.804,733
599616128201.4962,180
599616128209.1885,-743
599616128216.8809,-812
599616128224.5731,-370
599616128232.2654,-343
599616128239.9578,-406
599616128247.65,-305
599616128255.3424,-295
599616128263.0347,-336
599616128270.7269,-307
599616128278.4193,-288
599616128286.1116,-298
599616128293.804,-286
599616128301.4962,-274
599616128309.1885,-274
599616128316.8809,-266
599616128324.5731,-254
599616128332.2654,-247
599616128339.9578,-235
599616128347.65,-223
599616128355.3424,-211
599616128363.0347,-197
599616128370.7269,-182
599616128378.4193,-165
599616128386.1116,-156
599616128393.804,-149
599616128401.4962,-139
599616128409.1885,-137
599616128416.8809,-144
599616128424.2913,-156
599616128431.9835,-170
599616128439.6759,-202
599616128447.3682,-242
599616128455.0605,-278
599616128462.7528,-305
599616128470.4451,-329
599616128478.1375,-343
599616128485.8297,-353
599616128493.522,-353
599616128501.2144,-346
599616128508.9066,-343
599616128516.599,-343
599616128524.2913,-341
599616128531.9835,-339
599616128539.6759,-331
599616128547.3682,-327
599616128555.0605,-327
599616128562.7528,-324
599616128570.4451,-322
599616128578.1375,-319
599616128585.8297,-319
599616128593.522,-317
599616128601.2144,-317
599616128608.9066,-319
599616128616.599,-317
599616128624.2913,-317
599616128631.9835,-317
599616128639.6759,-317
599616128647.3682,-319
599616128655.0605,-319
599616128662.7528,-317
599616128670.4451,-317
599616128678.1375,-317
599616128685.8297,-317
599616128693.522,-319
599616128701.2144,-319
599616128708.9066,-315
599616128716.599,-315
599616128724.2913,-317
599616128731.9835,-315
599616128739.6759,-315
599616128747.3682,-315
599616128755.0605,-315
599616128762.7528,-322
599616128770.4451,-331
599616128778.1375,-331
599616128785.8297,-315
599616128793.522,-288
599616128801.2144,-262
599616128808.9066,-257
599616128816.599,-278
599616128824.2913,-290
599616128831.9835,-293
599616128839.6759,-310
599616128847.3682,-324
599616128855.0605,-324
599616128862.7528,-319
599616128870.4451,-322
599616128878.1375,-322
599616128885.8297,-327
599616128893.522,-329
599616128901.2144,-327
599616128908.9066,-360
599616128916.599,-435
599616128924.2913,-367
599616128931.9835,21
599616128939.6759,545
599616128947.3682,661
599616128955.0605,-81
599616128962.7528,-889
599616128970.4451,-731
599616128978.1375,-336
599616128985.5223,-391
599616128993.2146,-404
599616129000.907,-300
599616129008.5992,-324
599616129016.2916,-353
599616129023.9839,-322
599616129031.6761,-310
599616129039.3685,-307
599616129047.0608,-298
599616129054.753,-295
599616129062.4454,-290
599616129070.1377,-276
599616129077.8301,-269
599616129085.5223,-266
599616129093.2146,-254
599616129100.907,-238
599616129108.5992,-223
599616129116.2916,-211
599616129123.9839,-197
599616129131.6761,-175
599616129139.3685,-153
599616129147.0608,-146
599616129154.753,-153
599616129162.4454,-158
599616129170.1377,-156
599616129177.8301,-165
599616129185.5223,-189
599616129193.2146,-218
599616129200.907,-259
599616129208.5992,-303
599616129216.2916,-334
599616129223.9839,-355
599616129231.6761,-375
599616129239.3685,-375
599616129247.0608,-370
599616129254.753,-379
599616129262.4454,-384
599616129270.1377,-377
599616129277.8301,-372
599616129285.5223,-370
599616129293.2146,-363
599616129300.907,-363
599616129308.5992,-363
599616129316.2916,-353
599616129323.9839,-348
599616129331.6761,-348
599616129339.3685,-346
599616129347.0608,-348
599616129354.753,-351
599616129362.4454,-343
599616129370.1377,-341
599616129377.8301,-348
599616129385.5223,-351
599616129393.2146,-351
599616129400.907,-348
599616129408.5992,-346
599616129416.2916,-341
599616129423.9839,-341
599616129431.6761,-343
599616129439.3685,-343
599616129447.0608,-343
599616129454.753,-341
599616129462.4454,-336
599616129470.1377,-336
599616129477.8301,-343
599616129485.5223,-339
599616129493.2146,-336
599616129500.907,-348
599616129508.5992,-351
599616129516.2916,-336
599616129523.9839,-319
599616129531.6761,-295
599616129539.3685,-271
599616129546.7738,-278
599616129554.4661,-300
599616129562.1584,-305
599616129569.8507,-307
599616129577.5431,-329
599616129585.2354,-343
599616129592.9276,-336
599616129600.62,-327
599616129608.3123,-336
599616129616.0045,-346
599616129623.6969,-336
599616129631.3892,-329
599616129639.0815,-339
599616129646.7738,-375
599616129654.4661,-440
599616129662.1584,-343
599616129669.8507,96
599616129677.5431,649
599616129685.2354,627
599616129692.9276,-307
599616129700.62,-1012
599616129708.3123,-675
599616129716.0045,-343
599616129723.6969,-447
599616129731.3892,-404
599616129739.0815,-298
599616129746.7738,-331
599616129754.4661,-343
599616129762.1584,-307
599616129769.8507,-310
599616129777.5431,-315
599616129785.2354,-290
599616129792.9276,-283
599616129800.62,-288
599616129808.3123,-278
599616129816.0045,-262
599616129823.6969,-245
599616129831.3892,-235
599616129839.0815,-230
599616129846.7738,-221
599616129854.4661,-202
599616129862.1584,-177
599616129869.8507,-156
599616129877.5431,-144
599616129885.2354,-141
599616129892.9276,-134
599616129900.62,-125
599616129908.3123,-132
599616129916.0045,-161
599616129923.6969,-189
599616129931.3892,-228
599616129939.0815,-276
599616129946.7738,-322
599616129954.4661,-348
599616129962.1584,-367
599616129969.8507,-382
599616129977.5431,-394
599616129985.2354,-401
599616129992.9276,-396
599616130000.62,-389
599616130008.3123,-389
599616130016.0045,-391
599616130023.6969,-387
599616130031.3892,-377
599616130039.0815,-367
599616130046.7738,-367
599616130054.4661,-360
599616130062.1584,-348
599616130069.8507,-360
599616130077.5431,-384
599616130085.2354,-377
599616130092.9276,-355
599616130100.62,-358
599616130108.0253,-363
599616130115.7175,-351
599616130123.4099,-353
599616130131.1022,-360
599616130138.7946,-351
599616130146.4868,-351
599616130154.1791,-353
599616130161.8715,-348
599616130169.5637,-346
599616130177.256,-346
599616130184.9484,-341
599616130192.6406,-346
599616130200.333,-355
599616130208.0253,-355
599616130215.7175,-346
599616130223.4099,-331
599616130231.1022,-307
599616130238.7946,-283
599616130246.4868,-281
599616130254.1791,-295
599616130261.8715,-305
599616130269.5637,-312
599616130277.256,-327
599616130284.9484,-346
599616130292.6406,-343
599616130300.333,-324
599616130308.0253,-334
599616130315.7175,-346
599616130323.4099,-334
599616130331.1022,-331
599616130338.7946,-348
599616130346.4868,-370
599616130354.1791,-425
599616130361.8715,-425
599616130369.5637,-127
599616130377.256,447
599616130384.9484,783
599616130392.6406,168
599616130400.333,-872
599616130408.0253,-925
599616130415.7175,-416
599616130423.4099,-401
599616130431.1022,-461
599616130438.7946,-327
599616130446.4868,-317
599616130454.1791,-372
599616130461.8715,-334
599616130469.5637,-303
599616130477.256,-317
599616130484.9484,-315
599616130492.6406,-305
599616130500.333,-305
599616130508.0253,-295
599616130515.7175,-281
599616130523.4099,-274
599616130531.1022,-266
599616130538.7946,-254
599616130546.4868,-245
599616130554.1791,-230
599616130561.8715,-204
599616130569.5637,-180
599616130577.256,-163
599616130584.9484,-151
599616130592.6406,-144
599616130600.333,-141
599616130608.0253,-151
599616130615.7175,-165
599616130623.4099,-192
599616130631.1022,-233
599616130638.7946,-286
599616130646.4868,-336
599616130654.1791,-367
599616130661.8715,-396
599616130669.2563,-413
599616130676.9486,-418
599616130684.641,-420
599616130692.3333,-423
599616130700.0256,-423
599616130707.7179,-420
599616130715.4102,-413
599616130723.1025,-404
599616130730.7948,-401
599616130738.487,-404
599616130746.1794,-396
599616130753.8717,-389
599616130761.5641,-389
599616130769.2563,-387
599616130776.9486,-379
599616130784.641,-382
599616130792.3333,-377
599616130800.0256,-370
599616130807.7179,-367
599616130815.4102,-363
599616130823.1025,-363
599616130830.7948,-360
599616130838.487,-355
599616130846.1794,-348
599616130853.8717,-351
599616130861.5641,-348
599616130869.2563,-343
599616130876.9486,-343
599616130884.641,-346
599616130892.3333,-343
599616130900.0256,-346
599616130907.7179,-348
599616130915.4102,-343
599616130923.1025,-336
599616130930.7948,-322
599616130938.487,-298
599616130946.1794,-276
599616130953.8717,-276
599616130961.5641,-286
599616130969.2563,-290
599616130976.9486,-298
599616130984.641,-317
599616130992.3333,-329
599616131000.0256,-324
599616131007.7179,-319
599616131015.4102,-319
599616131023.1025,-315
599616131030.7948,-307
599616131038.487,-312
599616131046.1794,-322
599616131053.8717,-363
599616131061.5641,-430
599616131069.2563,-312
599616131076.9486,161
599616131084.641,731
599616131092.3333,678
599616131100.0256,-303
599616131107.7179,-990
599616131115.4102,-618
599616131123.1025,-303
599616131130.7948,-430
599616131138.487,-379
599616131146.1794,-274
599616131153.8717,-324
599616131161.5641,-334
599616131169.2563,-283
599616131176.9486,-286
599616131184.641,-298
599616131192.3333,-281
599616131200.0256,-271
599616131207.7179,-269
599616131215.4102,-262
599616131223.1025,-252
599616131230.4976,-242
599616131238.1898,-230
599616131245.8822,-218
599616131253.5745,-199
599616131261.2668,-185
599616131268.9591,-170
599616131276.6514,-151
599616131284.3438,-134
599616131292.036,-125
599616131299.7283,-117
599616131307.4207,-120
599616131315.1129,-132
599616131322.8053,-156
599616131330.4976,-185
599616131338.1898,-221
599616131345.8822,-266
599616131353.5745,-305
599616131361.2668,-331
599616131368.9591,-355
599616131376.6514,-367
599616131384.3438,-365
599616131392.036,-365
599616131399.7283,-375
599616131407.4207,-367
599616131415.1129,-360
599616131422.8053,-358
599616131430.4976,-353
599616131438.1898,-348
599616131445.8822,-351
599616131453.5745,-348
599616131461.2668,-346
599616131468.9591,-346
599616131476.6514,-348
599616131484.3438,-346
599616131492.036,-341
599616131499.7283,-336
599616131507.4207,-336
599616131515.1129,-341
599616131522.8053,-341
599616131530.4976,-334
599616131538.1898,-331
599616131545.8822,-331
599616131553.5745,-334
599616131561.2668,-334
599616131568.9591,-329
599616131576.6514,-324
599616131584.3438,-324
599616131592.036,-327
599616131599.7283,-324
599616131607.4207,-322
599616131615.1129,-322
599616131622.8053,-319
599616131630.4976,-317
599616131638.1898,-315
599616131645.8822,-312
599616131653.5745,-312
599616131661.2668,-317
599616131668.9591,-319
599616131676.6514,-319
599616131684.3438,-293
599616131692.036,-252
599616131699.7283,-247
599616131707.4207,-271
599616131715.1129,-281
599616131722.8053,-278
599616131730.4976,-295
599616131738.1898,-312
599616131745.8822,-315
599616131753.5745,-307
599616131761.2668,-303
599616131768.9591,-303
599616131776.6514,-300
599616131784.3438,-298
599616131791.749,-298
599616131799.4413,-322
599616131807.1337,-394
599616131814.8259,-399
599616131822.5183,-86
599616131830.2106,488
599616131837.9028,839
599616131845.5952,298
599616131853.2875,-735
599616131860.9797,-877
599616131868.6721,-382
599616131876.3644,-329
599616131884.0568,-416
599616131891.749,-307
599616131899.4413,-283
599616131907.1337,-336
599616131914.8259,-310
599616131922.5183,-281
599616131930.2106,-290
599616131937.9028,-283
599616131945.5952,-266
599616131953.2875,-266
599616131960.9797,-262
599616131968.6721,-252
599616131976.3644,-245
599616131984.0568,-230
599616131991.749,-216
599616131999.4413,-204
599616132007.1337,-189
599616132014.8259,-168
599616132022.5183,-151
599616132030.2106,-134
599616132037.9028,-120
599616132045.5952,-110
599616132053.2875,-108
599616132060.9797,-110
599616132068.6721,-120
599616132076.3644,-139
599616132084.0568,-175
599616132091.749,-218
599616132099.4413,-257
599616132107.1337,-288
599616132114.8259,-312
599616132122.5183,-327
599616132130.2106,-334
599616132137.9028,-334
599616132145.5952,-329
599616132153.2875,-327
599616132160.9797,-324
599616132168.6721,-317
599616132176.3644,-312
599616132184.0568,-312
599616132191.749,-312
599616132199.4413,-310
599616132207.1337,-310
599616132214.8259,-310
599616132222.5183,-310
599616132230.2106,-305
599616132237.9028,-303
599616132245.5952,-305
599616132253.2875,-303
599616132260.9797,-300
599616132268.6721,-300
599616132276.3644,-298
599616132284.0568,-293
599616132291.749,-293
599616132299.4413,-290
599616132307.1337,-288
599616132314.8259,-286
599616132322.5183,-283
599616132330.2106,-286
599616132337.9028,-283
599616132345.5952,-281
599616132352.9955,-283
599616132360.6877,-286
599616132368.3801,-281
599616132376.0724,-278
599616132383.7648,-278
599616132391.457,-278
599616132399.1493,-281
599616132406.8417,-288
599616132414.5339,-286
599616132422.2262,-283
599616132429.9186,-283
599616132437.6108,-283
599616132445.3032,-286
599616132452.9955,-290
599616132460.6877,-295
599616132468.3801,-286
599616132476.0724,-252
599616132483.7648,-223
599616132491.457,-230
599616132499.1493,-252
599616132506.8417,-259
599616132514.5339,-262
599616132522.2262,-278
599616132529.9186,-295
599616132537.6108,-295
599616132545.3032,-288
599616132552.9955,-290
599616132560.6877,-288
599616132568.3801,-283
599616132576.0724,-286
599616132583.7648,-288
599616132591.457,-315
599616132599.1493,-389
599616132606.8417,-375
599616132614.5339,-40
599616132622.2262,524
599616132629.9186,832
599616132637.6108,266
599616132645.3032,-716
599616132652.9955,-810
599616132660.6877,-353
599616132668.3801,-331
599616132676.0724,-406
599616132683.7648,-300
599616132691.457,-283
599616132699.1493,-324
599616132706.8417,-298
599616132714.5339,-278
599616132722.2262,-288
599616132729.9186,-278
599616132737.6108,-266
599616132745.3032,-264
599616132752.9955,-259
599616132760.6877,-250
599616132768.3801,-242
599616132776.0724,-230
599616132783.7648,-221
599616132791.457,-209
599616132799.1493,-192
599616132806.8417,-175
599616132814.5339,-158
599616132822.2262,-139
599616132829.9186,-125
599616132837.6108,-117
599616132845.3032,-115
599616132852.9955,-117
599616132860.6877,-127
599616132868.3801,-146
599616132876.0724,-175
599616132883.7648,-214
599616132891.457,-254
599616132899.1493,-288
599616132906.8417,-312
599616132914.252,-329
599616132921.9442,-339
599616132929.6366,-343
599616132937.3289,-343
599616132945.0212,-341
599616132952.7135,-339
599616132960.4058,-334
599616132968.0981,-329
599616132975.7904,-329
599616132983.4827,-327
599616132991.175,-324
599616132998.8673,-324
599616133006.5597,-319
599616133014.252,-317
599616133021.9442,-319
599616133029.6366,-322
599616133037.3289,-319
599616133045.0212,-315
599616133052.7135,-312
599616133060.4058,-312
599616133068.0981,-315
599616133075.7904,-312
599616133083.4827,-310
599616133091.175,-307
599616133098.8673,-307
599616133106.5597,-307
599616133114.252,-307
599616133121.9442,-307
599616133129.6366,-305
599616133137.3289,-303
599616133145.0212,-303
599616133152.7135,-305
599616133160.4058,-303
599616133168.0981,-303
599616133175.7904,-300
599616133183.4827,-298
599616133191.175,-298
599616133198.8673,-298
599616133206.5597,-300
599616133214.252,-300
599616133221.9442,-298
599616133229.6366,-293
599616133237.3289,-293
599616133245.0212,-290
599616133252.7135,-288
599616133260.4058,-290
599616133268.0981,-293
599616133275.7904,-288
599616133283.4827,-288
599616133291.175,-290
599616133298.8673,-293
599616133306.5597,-295
599616133314.252,-283
599616133321.9442,-245
599616133329.6366,-221
599616133337.3289,-238
599616133345.0212,-262
599616133352.7135,-262
599616133360.4058,-264
599616133368.0981,-286
599616133375.7904,-298
599616133383.4827,-293
599616133391.175,-290
599616133398.8673,-293
599616133406.5597,-290
599616133414.252,-286
599616133421.9442,-286
599616133429.6366,-298
599616133437.3289,-336
599616133445.0212,-408
599616133452.7135,-339
599616133460.4058,62
599616133468.0981,615
599616133475.478,755
599616133483.1703,7
599616133490.8627,-844
599616133498.5549,-707
599616133506.2473,-307
599616133513.9396,-370
599616133521.6318,-396
599616133529.3242,-295
599616133537.0165,-307
599616133544.7087,-331
599616133552.4011,-295
599616133560.0934,-286
599616133567.7858,-295
599616133575.478,-281
599616133583.1703,-271
599616133590.8627,-269
599616133598.5549,-257
599616133606.2473,-247
599616133613.9396,-242
599616133621.6318,-233
599616133629.3242,-218
599616133637.0165,-206
599616133644.7087,-192
599616133652.4011,-170
599616133660.0934,-153
599616133667.7858,-141
599616133675.478,-129
599616133683.1703,-125
599616133690.8627,-127
599616133698.5549,-132
599616133706.2473,-144
599616133713.9396,-163
599616133721.6318,-192
599616133729.3242,-228
599616133737.0165,-264
599616133744.7087,-293
599616133752.4011,-317
599616133760.0934,-331
599616133767.7858,-339
599616133775.478,-341
599616133783.1703,-336
599616133790.8627,-334
599616133798.5549,-331
599616133806.2473,-327
599616133813.9396,-324
599616133821.6318,-322
599616133829.3242,-319
599616133837.0165,-315
599616133844.7087,-317
599616133852.4011,-317
599616133860.0934,-312
599616133867.7858,-315
599616133875.478,-317
599616133883.1703,-315
599616133890.8627,-315
599616133898.5549,-315
599616133906.2473,-312
599616133913.9396,-315
599616133921.6318,-315
599616133929.3242,-319
599616133937.0165,-327
599616133944.7087,-322
599616133952.4011,-317
599616133960.0934,-322
599616133967.7858,-324
599616133975.478,-319
599616133983.1703,-317
599616133990.8627,-319
599616133998.5549,-317
599616134006.2473,-322
599616134013.9396,-322
599616134021.6318,-317
599616134029.3242,-312
599616134036.7345,-315
599616134044.4268,-317
599616134052.1191,-312
599616134059.8114,-310
599616134067.5038,-312
599616134075.196,-310
599616134082.8883,-307
599616134090.5807,-310
599616134098.273,-315
599616134105.9652,-312
599616134113.6576,-310
599616134121.3499,-307
599616134129.0422,-310
599616134136.7345,-317
599616134144.4268,-319
599616134152.1191,-315
599616134159.8114,-295
599616134167.5038,-259
599616134175.196,-245
599616134182.8883,-271
599616134190.5807,-295
599616134198.273,-288
599616134205.9652,-295
599616134213.6576,-317
599616134221.3499,-327
599616134229.0422,-324
599616134236.7345,-319
599616134244.4268,-319
599616134252.1191,-319
599616134259.8114,-319
599616134267.5038,-317
599616134275.196,-327
599616134282.8883,-382
599616134290.5807,-432
599616134298.273,-254
599616134305.9652,228
599616134313.6576,707
599616134321.3499,536
599616134329.0422,-423
599616134336.7345,-952
599616134344.4268,-550
599616134352.1191,-315
599616134359.8114,-435
599616134367.5038,-377
599616134375.196,-303
599616134382.8883,-348
599616134390.5807,-341
599616134398.273,-307
599616134405.9652,-319
599616134413.6576,-322
599616134421.3499,-300
599616134429.0422,-298
599616134436.7345,-300
599616134444.4268,-288
599616134452.1191,-276
599616134459.8114,-271
599616134467.5038,-259
599616134475.196,-240
599616134482.8883,-228
599616134490.5807,-216
599616134498.273,-197
599616134505.9652,-173
599616134513.6576,-158
599616134521.3499,-156
599616134529.0422,-151
599616134536.7345,-141
599616134544.4268,-149
599616134552.1191,-173
599616134559.8114,-194
599616134567.5038,-218
599616134575.196,-257
599616134582.8883,-298
599616134590.5807,-329
599616134597.9758,-351
599616134605.6681,-370
599616134613.3605,-375
599616134621.0527,-370
599616134628.7451,-367
599616134636.4374,-370
599616134644.1296,-367
599616134651.822,-365
599616134659.5143,-360
599616134667.2065,-358
599616134674.8989,-358
599616134682.5912,-351
599616134690.2836,-348
599616134697.9758,-351
599616134705.6681,-348
599616134713.3605,-341
599616134721.0527,-343
599616134728.7451,-346
599616134736.4374,-343
599616134744.1296,-339
599616134751.822,-334
599616134759.5143,-334
599616134767.2065,-334
599616134774.8989,-334
599616134782.5912,-339
599616134790.2836,-346
599616134797.9758,-336
599616134805.6681,-327
599616134813.3605,-331
599616134821.0527,-341
599616134828.7451,-336
599616134836.4374,-322
599616134844.1296,-322
599616134851.822,-334
599616134859.5143,-331
599616134867.2065,-324
599616134874.8989,-329
599616134882.5912,-329
599616134890.2836,-317
599616134897.9758,-317
599616134905.6681,-324
599616134913.3605,-324
599616134921.0527,-324
599616134928.7451,-331
599616134936.4374,-329
599616134944.1296,-310
599616134951.822,-283
599616134959.5143,-269
599616134967.2065,-278
599616134974.8989,-295
599616134982.5912,-298
599616134990.2836,-298
599616134997.9758,-317
599616135005.6681,-336
599616135013.3605,-334
599616135021.0527,-329
599616135028.7451,-324
599616135036.4374,-322
599616135044.1296,-327
599616135051.822,-329
599616135059.5143,-327
599616135067.2065,-363
599616135074.8989,-435
599616135082.5912,-351
599616135090.2836,62
599616135097.9758,627
599616135105.6681,699
599616135113.3605,-177
599616135121.0527,-990
599616135128.7451,-719
599616135136.4374,-331
599616135144.1296,-435
599616135151.822,-416
599616135159.217,-290
599616135166.9093,-329
599616135174.6017,-353
599616135182.294,-307
599616135189.9863,-300
599616135197.6786,-312
599616135205.3708,-295
599616135213.0632,-281
599616135220.7555,-281
599616135228.4478,-269
599616135236.1401,-264
599616135243.8324,-259
599616135251.5248,-240
599616135259.217,-216
599616135266.9093,-206
599616135274.6017,-199
599616135282.294,-180
599616135289.9863,-156
599616135297.6786,-139
599616135305.3708,-129
599616135313.0632,-120
599616135320.7555,-117
599616135328.4478,-127
599616135336.1401,-141
599616135343.8324,-163
599616135351.5248,-199
599616135359.217,-245
599616135366.9093,-286
599616135374.6017,-315
599616135382.294,-339
599616135389.9863,-358
599616135397.6786,-363
599616135405.3708,-360
599616135413.0632,-363
599616135420.7555,-363
599616135428.4478,-358
599616135436.1401,-351
599616135443.8324,-348
599616135451.5248,-348
599616135459.217,-343
599616135466.9093,-339
599616135474.6017,-336
599616135482.294,-334
599616135489.9863,-329
599616135497.6786,-327
599616135505.3708,-327
599616135513.0632,-329
599616135520.7555,-327
599616135528.4478,-319
599616135536.1401,-322
599616135543.8324,-327
599616135551.5248,-327
599616135559.217,-324
599616135566.9093,-322
599616135574.6017,-322
599616135582.294,-319
599616135589.9863,-317
599616135597.6786,-315
599616135605.3708,-315
599616135613.0632,-315
599616135620.7555,-315
599616135628.4478,-310
599616135636.1401,-310
599616135643.8324,-315
599616135651.5248,-312
599616135659.217,-307
599616135666.9093,-312
599616135674.6017,-312
599616135682.294,-315
599616135689.9863,-317
599616135697.6786,-315
599616135705.3708,-315
599616135713.0632,-303
599616135720.4736,-266
599616135728.1659,-245
599616135735.8583,-262
599616135743.5505,-281
599616135751.2429,-278
599616135758.9352,-278
599616135766.6274,-303
599616135774.3198,-324
599616135782.0121,-319
599616135789.7043,-307
599616135797.3967,-307
599616135805.089,-310
599616135812.7814,-305
599616135820.4736,-305
599616135828.1659,-322
599616135835.8583,-384
599616135843.5505,-418
599616135851.2429,-182
599616135858.9352,346
599616135866.6274,764
599616135874.3198,411
599616135882.0121,-596
599616135889.7043,-928
599616135897.3967,-461
599616135905.089,-315
599616135912.7814,-425
599616135920.4736,-336
599616135928.1659,-283
599616135935.8583,-334
599616135943.5505,-317
599616135951.2429,-283
599616135958.9352,-298
599616135966.6274,-298
599616135974.3198,-276
599616135982.0121,-271
599616135989.7043,-271
599616135997.3967,-257
599616136005.089,-247
599616136012.7814,-240
599616136020.4736,-226
599616136028.1659,-211
599616136035.8583,-197
599616136043.5505,-180
599616136051.2429,-161
599616136058.9352,-144
599616136066.6274,-129
599616136074.3198,-122
599616136082.0121,-117
599616136089.7043,-120
599616136097.3967,-132
599616136105.089,-146
599616136112.7814,-173
599616136120.4736,-209
599616136128.1659,-252
599616136135.8583,-290
599616136143.5505,-317
599616136151.2429,-331
599616136158.9352,-341
599616136166.6274,-348
599616136174.3198,-346
599616136182.0121,-341
599616136189.7043,-336
599616136197.3967,-334
599616136205.089,-329
599616136212.7814,-324
599616136220.4736,-322
599616136228.1659,-319
599616136235.8583,-317
599616136243.5505,-315
599616136251.2429,-315
599616136258.9352,-312
599616136266.6274,-312
599616136274.3198,-312
599616136281.6996,-307
599616136289.3918,-307
599616136297.0842,-310
599616136304.7765,-312
599616136312.4689,-312
599616136320.1611,-312
599616136327.8534,-310
599616136335.5458,-310
599616136343.238,-312
599616136350.9303,-310
599616136358.6227,-307
599616136366.315,-307
599616136374.0073,-307
599616136381.6996,-305
599616136389.3918,-303
599616136397.0842,-307
599616136404.7765,-310
599616136412.4689,-305
599616136420.1611,-300
599616136427.8534,-303
599616136435.5458,-303
599616136443.238,-300
599616136450.9303,-303
599616136458.6227,-312
599616136466.315,-319
599616136474.0073,-315
599616136481.6996,-288
599616136489.3918,-254
599616136497.0842,-242
599616136504.7765,-262
599616136512.4689,-276
599616136520.1611,-274
599616136527.8534,-283
599616136535.5458,-307
599616136543.238,-317
599616136550.9303,-310
599616136558.6227,-303
599616136566.315,-303
599616136574.0073,-303
599616136581.6996,-300
599616136589.3918,-303
599616136597.0842,-329
599616136604.7765,-399
599616136612.4689,-375
599616136620.1611,-28
599616136627.8534,519
599616136635.5458,762
599616136643.238,132
599616136650.9303,-803
599616136658.6227,-803
599616136666.315,-346
599616136674.0073,-351
599616136681.6996,-411
599616136689.3918,-298
599616136697.0842,-293
599616136704.7765,-331
599616136712.4689,-300
599616136720.1611,-283
599616136727.8534,-293
599616136735.5458,-278
599616136743.238,-266
599616136750.9303,-266
599616136758.6227,-257
599616136766.315,-247
599616136774.0073,-242
599616136781.6996,-228
599616136789.3918,-214
599616136797.0842,-202
599616136804.7765,-187
599616136812.4689,-173
599616136820.1611,-156
599616136827.8534,-139
599616136835.5458,-125
599616136842.951,-117
599616136850.6433,-115
599616136858.3357,-120
599616136866.028,-132
599616136873.7203,-151
599616136881.4126,-177
599616136889.1049,-216
599616136896.7972,-266
599616136904.4895,-305
599616136912.1818,-319
599616136919.8741,-329
599616136927.5664,-339
599616136935.2588,-341
599616136942.951,-336
599616136950.6433,-334
599616136958.3357,-336
599616136966.028,-331
599616136973.7203,-324
599616136981.4126,-319
599616136989.1049,-322
599616136996.7972,-319
599616137004.4895,-312
599616137012.1818,-315
599616137019.8741,-312
599616137027.5664,-307
599616137035.2588,-307
599616137042.951,-310
599616137050.6433,-307
599616137058.3357,-307
599616137066.028,-307
599616137073.7203,-307
599616137081.4126,-307
599616137089.1049,-307
599616137096.7972,-305
599616137104.4895,-305
599616137112.1818,-305
599616137119.8741,-307
599616137127.5664,-307
599616137135.2588,-310
599616137142.951,-310
599616137150.6433,-307
599616137158.3357,-305
599616137166.028,-305
599616137173.7203,-305
599616137181.4126,-303
599616137189.1049,-303
599616137196.7972,-300
599616137204.4895,-298
599616137212.1818,-298
599616137219.8741,-303
599616137227.5664,-305
599616137235.2588,-307
599616137242.951,-303
599616137250.6433,-288
599616137258.3357,-252
599616137266.028,-230
599616137273.7203,-247
599616137281.4126,-269
599616137289.1049,-269
599616137296.7972,-274
599616137304.4895,-298
599616137312.1818,-312
599616137319.8741,-305
599616137327.5664,-298
599616137335.2588,-300
599616137342.951,-298
599616137350.6433,-298
599616137358.3357,-298
599616137366.028,-312
599616137373.7203,-377
599616137381.4126,-399
599616137389.1049,-139
599616137396.7972,384
599616137404.1821,752
599616137411.8744,329
599616137419.5668,-639
599616137427.259,-870
599616137434.9514,-411
599616137442.6437,-312
599616137450.3359,-404
599616137458.0283,-310
599616137465.7206,-278
599616137473.4128,-331
599616137481.1052,-310
599616137488.7975,-281
599616137496.4899,-293
599616137504.1821,-288
599616137511.8744,-269
599616137519.5668,-266
599616137527.259,-264
599616137534.9514,-252
599616137542.6437,-240
599616137550.3359,-233
599616137558.0283,-221
599616137565.7206,-204
599616137573.4128,-187
599616137581.1052,-173
599616137588.7975,-156
599616137596.4899,-139
599616137604.1821,-129
599616137611.8744,-122
599616137619.5668,-120
599616137627.259,-125
599616137634.9514,-132
599616137642.6437,-151
599616137650.3359,-175
599616137658.0283,-206
599616137665.7206,-245
599616137673.4128,-281
599616137681.1052,-307
599616137688.7975,-324
599616137696.4899,-331
599616137704.1821,-334
599616137711.8744,-331
599616137719.5668,-329
599616137727.259,-324
599616137734.9514,-322
599616137742.6437,-317
599616137750.3359,-312
599616137758.0283,-310
599616137765.7206,-307
599616137773.4128,-305
599616137781.1052,-305
599616137788.7975,-305
599616137796.4899,-303
599616137804.1821,-298
599616137811.8744,-298
599616137819.5668,-300
599616137827.259,-300
599616137834.9514,-300
599616137842.6437,-300
599616137850.3359,-303
599616137858.0283,-303
599616137865.7206,-303
599616137873.4128,-307
599616137881.1052,-310
599616137888.7975,-307
599616137896.4899,-305
599616137904.1821,-305
599616137911.8744,-307
599616137919.5668,-307
599616137927.259,-305
599616137934.9514,-305
599616137942.6437,-305
599616137950.3359,-305
599616137958.0283,-303
599616137965.454,-305
599616137973.1462,-307
599616137980.8386,-310
599616137988.5309,-307
599616137996.2233,-307
599616138003.9155,-310
599616138011.6078,-310
599616138019.3002,-305
599616138026.9924,-286
599616138034.6847,-257
599616138042.3771,-242
599616138050.0693,-259
599616138057.7617,-271
599616138065.454,-274
599616138073.1462,-290
599616138080.8386,-310
599616138088.5309,-312
599616138096.2233,-305
599616138103.9155,-303
599616138111.6078,-305
599616138119.3002,-300
599616138126.9924,-303
599616138134.6847,-307
599616138142.3771,-327
599616138150.0693,-394
599616138157.7617,-387
599616138165.454,-79
599616138173.1462,447
599616138180.8386,728
599616138188.5309,182
599616138196.2233,-759
599616138203.9155,-839
599616138211.6078,-375
599616138219.3002,-336
599616138226.9924,-406
599616138234.6847,-298
599616138242.3771,-286
599616138250.0693,-331
599616138257.7617,-298
599616138265.454,-271
599616138273.1462,-286
599616138280.8386,-283
599616138288.5309,-266
599616138296.2233,-266
599616138303.9155,-259
599616138311.6078,-247
599616138319.3002,-245
599616138326.9924,-238
599616138334.6847,-216
599616138342.3771,-204
599616138350.0693,-197
599616138357.7617,-180
599616138365.454,-161
599616138373.1462,-151
599616138380.8386,-144
599616138388.5309,-127
599616138396.2233,-117
599616138403.9155,-127
599616138411.6078,-141
599616138419.3002,-156
599616138426.9924,-182
599616138434.6847,-230
599616138442.3771,-269
599616138450.0693,-295
599616138457.7617,-322
599616138465.454,-346
599616138473.1462,-351
599616138480.8386,-353
599616138488.5309,-360
599616138496.2233,-355
599616138503.9155,-346
599616138511.6078,-348
599616138519.3002,-351
599616138526.6749,-346
599616138534.3672,-339
599616138542.0596,-331
599616138549.7518,-329
599616138557.4442,-331
599616138565.1365,-334
599616138572.8287,-324
599616138580.5211,-319
599616138588.2134,-324
599616138595.9056,-327
599616138603.598,-322
599616138611.2903,-327
599616138618.9827,-324
599616138626.6749,-315
599616138634.3672,-315
599616138642.0596,-322
599616138649.7518,-322
599616138657.4442,-322
599616138665.1365,-324
599616138672.8287,-324
599616138680.5211,-324
599616138688.2134,-324
599616138695.9056,-317
599616138703.598,-317
599616138711.2903,-312
599616138718.9827,-307
599616138726.6749,-310
599616138734.3672,-310
599616138742.0596,-310
599616138749.7518,-319
599616138757.4442,-319
599616138765.1365,-307
599616138772.8287,-281
599616138780.5211,-250
599616138788.2134,-242
599616138795.9056,-266
599616138803.598,-278
599616138811.2903,-274
599616138818.9827,-286
599616138826.6749,-315
599616138834.3672,-324
599616138842.0596,-310
599616138849.7518,-305
599616138857.4442,-310
599616138865.1365,-310
599616138872.8287,-312
599616138880.5211,-315
599616138888.2134,-334
599616138895.9056,-399
599616138903.598,-365
599616138911.2903,-9
599616138918.9827,555
599616138926.6749,747
599616138934.3672,-12
599616138942.0596,-930
599616138949.7518,-788
599616138957.4442,-336
599616138965.1365,-396
599616138972.8287,-413
599616138980.5211,-281
599616138988.2134,-305
599616138995.9056,-346
599616139003.598,-293
599616139011.2903,-281
599616139018.9827,-298
599616139026.6749,-276
599616139034.3672,-262
599616139042.0596,-269
599616139049.7518,-257
599616139057.4442,-238
599616139065.1365,-238
599616139072.8287,-228
599616139080.5211,-204
599616139087.9213,-189
599616139095.6135,-182
599616139103.3059,-168
599616139110.9982,-149
599616139118.6906,-129
599616139126.3828,-120
599616139134.0751,-117
599616139141.7675,-115
599616139149.4597,-122
599616139157.152,-139
599616139164.8444,-158
599616139172.5366,-189
599616139180.229,-240
599616139187.9213,-278
599616139195.6135,-310
599616139203.3059,-336
599616139210.9982,-355
599616139218.6906,-363
599616139226.3828,-367
599616139234.0751,-365
599616139241.7675,-363
599616139249.4597,-360
599616139257.152,-348
599616139264.8444,-343
599616139272.5366,-346
599616139280.229,-343
599616139287.9213,-334
599616139295.6135,-329
599616139303.3059,-329
599616139310.9982,-327
599616139318.6906,-319
599616139326.3828,-322
599616139334.0751,-327
599616139341.7675,-322
599616139349.4597,-319
599616139357.152,-324
599616139364.8444,-324
599616139372.5366,-319
599616139380.229,-317
599616139387.9213,-319
599616139395.6135,-319
599616139403.3059,-317
599616139410.9982,-315
599616139418.6906,-317
599616139426.3828,-317
599616139434.0751,-315
599616139441.7675,-312
599616139449.4597,-315
599616139457.152,-312
599616139464.8444,-310
599616139472.5366,-305
599616139480.229,-307
599616139487.9213,-317
599616139495.6135,-322
599616139503.3059,-315
599616139510.9982,-293
599616139518.6906,-262
599616139526.3828,-240
599616139534.0751,-254
599616139541.7675,-271
599616139549.4597,-271
599616139557.152,-278
599616139564.8444,-303
599616139572.5366,-312
599616139580.229,-303
599616139587.9213,-298
599616139595.6135,-303
599616139603.3059,-305
599616139610.9982,-303
599616139618.6906,-300
599616139626.3828,-315
599616139634.0751,-377
599616139641.7675,-406
599616139649.1472,-170
599616139656.8395,353
599616139664.5319,783
599616139672.2241,416
599616139679.9165,-615
599616139687.6088,-933
599616139695.301,-454
599616139702.9934,-324
599616139710.6857,-425
599616139718.3779,-319
599616139726.0703,-269
599616139733.7626,-324
599616139741.455,-305
599616139749.1472,-266
599616139756.8395,-278
599616139764.5319,-278
599616139772.2241,-259
599616139779.9165,-252
599616139787.6088,-250
599616139795.301,-240
599616139802.9934,-226
599616139810.6857,-218
599616139818.3779,-209
599616139826.0703,-194
599616139833.7626,-177
599616139841.455,-156
599616139849.1472,-139
599616139856.8395,-127
599616139864.5319,-110
599616139872.2241,-101
599616139879.9165,-101
599616139887.6088,-105
599616139895.301,-117
599616139902.9934,-134
599616139910.6857,-165
599616139918.3779,-206
599616139926.0703,-247
599616139933.7626,-281
599616139941.455,-307
599616139949.1472,-327
599616139956.8395,-336
599616139964.5319,-341
599616139972.2241,-336
599616139979.9165,-331
599616139987.6088,-329
599616139995.301,-331
599616140002.9934,-329
599616140010.6857,-324
599616140018.3779,-317
599616140026.0703,-315
599616140033.7626,-305
599616140041.455,-303
599616140049.1472,-305
599616140056.8395,-303
599616140064.5319,-300
599616140072.2241,-300
599616140079.9165,-295
599616140087.6088,-293
599616140095.301,-295
599616140102.9934,-298
599616140110.6857,-293
599616140118.3779,-290
599616140126.0703,-293
599616140133.7626,-293
599616140141.455,-293
599616140149.1472,-293
599616140156.8395,-288
599616140164.5319,-288
599616140172.2241,-288
599616140179.9165,-288
599616140187.6088,-288
599616140195.301,-286
599616140202.9934,-283
599616140210.3733,-283
599616140218.0656,-281
599616140225.7579,-283
599616140233.4502,-288
599616140241.1426,-288
599616140248.8348,-288
599616140256.5271,-290
599616140264.2195,-288
599616140271.9117,-266
599616140279.604,-235
599616140287.2964,-218
599616140294.9886,-233
599616140302.681,-247
599616140310.3733,-250
599616140318.0656,-264
599616140325.7579,-288
599616140333.4502,-293
599616140341.1426,-286
599616140348.8348,-286
599616140356.5271,-283
599616140364.2195,-281
599616140371.9117,-283
599616140379.604,-281
599616140387.2964,-295
599616140394.9886,-363
599616140402.681,-387
599616140410.3733,-125
599616140418.0656,408
599616140425.7579,800
599616140433.4502,404
599616140441.1426,-581
599616140448.8348,-858
599616140456.5271,-411
599616140464.2195,-298
599616140471.9117,-394
599616140479.604,-307
599616140487.2964,-269
599616140494.9886,-315
599616140502.681,-300
599616140510.3733,-269
599616140518.0656,-274
599616140525.7579,-266
599616140533.4502,-252
599616140541.1426,-247
599616140548.8348,-242
599616140556.5271,-233
599616140564.2195,-223
599616140571.9117,-216
599616140579.604,-204
599616140587.2964,-192
599616140594.9886,-180
599616140602.681,-163
599616140610.3733,-141
599616140618.0656,-127
599616140625.7579,-115
599616140633.4502,-105
599616140641.1426,-105
599616140648.8348,-113
599616140656.5271,-122
599616140664.2195,-134
599616140671.9117,-161
599616140679.604,-197
599616140687.2964,-238
599616140694.9886,-271
599616140702.681,-295
599616140710.3733,-312
599616140718.0656,-322
599616140725.7579,-324
599616140733.4502,-324
599616140741.1426,-319
599616140748.8348,-315
599616140756.5271,-310
599616140764.2195,-307
599616140771.6198,-307
599616140779.312,-307
599616140787.0044,-303
599616140794.6967,-298
599616140802.389,-295
599616140810.0813,-295
599616140817.7736,-293
599616140825.466,-293
599616140833.1582,-298
599616140840.8505,-298
599616140848.5428,-293
599616140856.2351,-293
599616140863.9275,-300
599616140871.6198,-298
599616140879.312,-290
599616140887.0044,-293
599616140894.6967,-293
599616140902.389,-293
599616140910.0813,-293
599616140917.7736,-295
599616140925.466,-295
599616140933.1582,-295
599616140940.8505,-295
599616140948.5428,-295
599616140956.2351,-290
599616140963.9275,-293
599616140971.6198,-293
599616140979.312,-288
599616140987.0044,-288
599616140994.6967,-290
599616141002.389,-293
599616141010.0813,-295
599616141017.7736,-290
599616141025.466,-288
599616141033.1582,-288
599616141040.8505,-290
599616141048.5428,-295
599616141056.2351,-290
599616141063.9275,-271
599616141071.6198,-238
599616141079.312,-223
599616141087.0044,-245
599616141094.6967,-264
599616141102.389,-262
599616141110.0813,-266
599616141117.7736,-288
599616141125.466,-298
599616141133.1582,-295
599616141140.8505,-290
599616141148.5428,-290
599616141156.2351,-290
599616141163.9275,-286
599616141171.6198,-286
599616141179.312,-298
599616141187.0044,-348
599616141194.6967,-399
599616141202.389,-230
599616141210.0813,242
599616141217.7736,714
599616141225.466,560
599616141233.1582,-363
599616141240.8505,-904
599616141248.5428,-538
599616141256.2351,-293
599616141263.9275,-396
599616141271.6198,-343
599616141279.312,-266
599616141287.0044,-307
599616141294.6967,-305
599616141302.389,-271
599616141310.0813,-281
599616141317.7736,-286
599616141325.466,-269
599616141332.8558,-262
599616141340.5481,-259
599616141348.2405,-245
599616141355.9327,-235
599616141363.6251,-233
599616141371.3174,-223
599616141379.0096,-209
599616141386.702,-194
599616141394.3943,-182
599616141402.0865,-175
599616141409.7789,-158
599616141417.4712,-141
599616141425.1636,-137
599616141432.8558,-137
599616141440.5481,-134
599616141448.2405,-141
599616141455.9327,-158
599616141463.6251,-175
599616141471.3174,-209
599616141479.0096,-247
599616141486.702,-281
599616141494.3943,-312
599616141502.0865,-339
599616141509.7789,-355
599616141517.4712,-355
599616141525.1636,-355
599616141532.8558,-355
599616141540.5481,-353
599616141548.2405,-353
599616141555.9327,-346
599616141563.6251,-336
599616141571.3174,-341
599616141579.0096,-346
599616141586.702,-339
599616141594.3943,-336
599616141602.0865,-339
599616141609.7789,-336
599616141617.4712,-329
599616141625.1636,-329
599616141632.8558,-341
599616141640.5481,-336
599616141648.2405,-319
599616141655.9327,-317
599616141663.6251,-327
599616141671.3174,-329
599616141679.0096,-327
599616141686.702,-327
599616141694.3943,-322
599616141702.0865,-322
599616141709.7789,-327
599616141717.4712,-329
599616141725.1636,-322
599616141732.8558,-317
599616141740.5481,-324
599616141748.2405,-327
599616141755.9327,-322
599616141763.6251,-322
599616141771.3174,-315
599616141779.0096,-310
599616141786.702,-315
599616141794.3943,-315
599616141802.0865,-312
599616141809.7789,-312
599616141817.4712,-307
599616141825.1636,-312
599616141832.8558,-319
599616141840.5481,-319
599616141848.2405,-307
599616141855.9327,-276
599616141863.6251,-247
599616141871.3174,-254
599616141879.0096,-278
599616141886.702,-278
599616141894.092,-276
599616141901.7843,-300
599616141909.4767,-322
599616141917.169,-319
599616141924.8613,-312
599616141932.5536,-315
599616141940.2458,-322
599616141947.9382,-317
599616141955.6305,-310
599616141963.3228,-310
599616141971.0151,-336
599616141978.7074,-411
599616141986.3998,-377
599616141994.092,-16
599616142001.7843,545
599616142009.4767,762
599616142017.169,40
599616142024.8613,-899
599616142032.5536,-808
599616142040.2458,-351
599616142047.9382,-391
599616142055.6305,-425
599616142063.3228,-290
599616142071.0151,-298
599616142078.7074,-348
599616142086.3998,-310
599616142094.092,-283
599616142101.7843,-283
599616142109.4767,-266
599616142117.169,-264
599616142124.8613,-271
599616142132.5536,-257
599616142140.2458,-240
599616142147.9382,-238
599616142155.6305,-238
599616142163.3228,-218
599616142171.0151,-194
599616142178.7074,-182
599616142186.3998,-170
599616142194.092,-149
599616142201.7843,-132
599616142209.4767,-122
599616142217.169,-113
599616142224.8613,-108
599616142232.5536,-115
599616142240.2458,-129
599616142247.9382,-151
599616142255.6305,-192
599616142263.3228,-238
599616142271.0151,-278
599616142278.7074,-310
599616142286.3998,-341
599616142294.092,-363
599616142301.7843,-377
599616142309.4767,-382
599616142317.169,-377
599616142324.8613,-375
599616142332.5536,-379
599616142340.2458,-377
599616142347.9382,-370
599616142355.6305,-358
599616142363.3228,-348
599616142371.0151,-355
599616142378.7074,-360
599616142386.3998,-353
599616142394.092,-353
599616142401.7843,-353
599616142409.4767,-348
599616142417.169,-336
599616142424.8613,-336
599616142432.5536,-339
599616142440.2458,-334
599616142447.9382,-329
599616142455.3384,-341
599616142463.0306,-353
599616142470.723,-346
599616142478.4153,-336
599616142486.1077,-343
599616142493.7999,-341
599616142501.4922,-322
599616142509.1846,-327
599616142516.8768,-348
599616142524.5691,-355
599616142532.2615,-343
599616142539.9537,-339
599616142547.6461,-346
599616142555.3384,-341
599616142563.0306,-334
599616142570.723,-317
599616142578.4153,-278
599616142586.1077,-266
599616142593.7999,-293
599616142601.4922,-307
599616142609.1846,-305
599616142616.8768,-312
599616142624.5691,-331
599616142632.2615,-346
599616142639.9537,-348
599616142647.6461,-331
599616142655.3384,-324
599616142663.0306,-341
599616142670.723,-343
599616142678.4153,-327
599616142686.1077,-348
599616142693.7999,-432
599616142701.4922,-432
599616142709.1846,-134
599616142716.8768,432
599616142724.5691,812
599616142732.2615,245
599616142739.9537,-841
599616142747.6461,-947
599616142755.3384,-416
599616142763.0306,-394
599616142770.723,-478
599616142778.4153,-329
599616142786.1077,-307
599616142793.7999,-367
599616142801.4922,-336
599616142809.1846,-315
599616142816.8768,-324
599616142824.5691,-312
599616142832.2615,-298
599616142839.9537,-298
599616142847.6461,-290
599616142855.3384,-278
599616142863.0306,-262
599616142870.723,-252
599616142878.4153,-247
599616142886.1077,-228
599616142893.7999,-204
599616142901.4922,-199
599616142909.1846,-180
599616142916.8768,-144
599616142924.5691,-134
599616142932.2615,-132
599616142939.9537,-125
599616142947.6461,-122
599616142955.3384,-132
599616142963.0306,-168
599616142970.723,-216
599616142978.4153,-259
599616142986.1077,-310
599616142993.7999,-351
599616143001.4922,-379
599616143009.1846,-408
599616143016.5645,-428
599616143024.2567,-430
599616143031.9491,-423
599616143039.6414,-416
599616143047.3337,-411
599616143055.026,-401
599616143062.7183,-404
599616143070.4106,-416
599616143078.1029,-406
599616143085.7952,-394
599616143093.4875,-384
599616143101.1798,-372
599616143108.8722,-384
599616143116.5645,-399
599616143124.2567,-377
599616143131.9491,-370
599616143139.6414,-384
599616143147.3337,-377
599616143155.026,-360
599616143162.7183,-355
599616143170.4106,-360
599616143178.1029,-372
599616143185.7952,-370
599616143193.4875,-363
599616143201.1798,-360
599616143208.8722,-355
599616143216.5645,-363
599616143224.2567,-367
599616143231.9491,-355
599616143239.6414,-355
599616143247.3337,-367
599616143255.026,-365
599616143262.7183,-353
599616143270.4106,-334
599616143278.1029,-307
599616143285.7952,-303
599616143293.4875,-315
599616143301.1798,-310
599616143308.8722,-315
599616143316.5645,-339
599616143324.2567,-355
599616143331.9491,-363
599616143339.6414,-355
599616143347.3337,-339
599616143355.026,-346
599616143362.7183,-363
599616143370.4106,-351
599616143378.1029,-339
599616143385.7952,-370
599616143393.4875,-447
599616143401.1798,-435
599616143408.8722,-115
599616143416.5645,471
599616143424.2567,788
599616143431.9491,127
599616143439.6414,-901
599616143447.3337,-899
599616143455.026,-401
599616143462.7183,-420
599616143470.4106,-471
599616143478.1029,-329
599616143485.7952,-331
599616143493.4875,-370
599616143501.1798,-327
599616143508.8722,-319
599616143516.5645,-327
599616143524.2567,-310
599616143531.9491,-310
599616143539.6414,-307
599616143547.3337,-300
599616143555.026,-295
599616143562.7183,-271
599616143570.4106,-254
599616143577.7904,-252
599616143585.4827,-238
599616143593.175,-211
599616143600.8673,-197
599616143608.5597,-177
599616143616.252,-146
599616143623.9442,-132
599616143631.6366,-137
599616143639.3289,-120
599616143647.0211,-113
599616143654.7135,-144
599616143662.4058,-170
599616143670.0981,-199
599616143677.7904,-264
599616143685.4827,-319
599616143693.175,-346
599616143700.8673,-379
599616143708.5597,-413
599616143716.252,-413
599616143723.9442,-391
599616143731.6366,-389
599616143739.3289,-406
599616143747.0211,-404
599616143754.7135,-379
599616143762.4058,-377
599616143770.0981,-382
599616143777.7904,-365
599616143785.4827,-360
599616143793.175,-365
599616143800.8673,-360
599616143808.5597,-355
599616143816.252,-351
599616143823.9442,-355
599616143831.6366,-355
599616143839.3289,-336
599616143847.0211,-336
599616143854.7135,-351
599616143862.4058,-339
599616143870.0981,-336
599616143877.7904,-346
599616143885.4827,-327
599616143893.175,-322
599616143900.8673,-341
599616143908.5597,-334
599616143916.252,-324
599616143923.9442,-329
599616143931.6366,-331
599616143939.3289,-329
599616143947.0211,-324
599616143954.7135,-324
599616143962.4058,-324
599616143970.0981,-295
599616143977.7904,-259
599616143985.4827,-264
599616143993.175,-286
599616144000.8673,-281
599616144008.5597,-281
599616144016.252,-305
599616144023.9442,-322
599616144031.6366,-322
599616144039.3289,-322
599616144047.0211,-317
599616144054.7135,-307
599616144062.4058,-310
599616144070.0981,-315
599616144077.7904,-307
599616144085.4827,-331
599616144093.175,-413
599616144100.8673,-382
599616144108.5597,-2
599616144116.252,606
599616144123.9442,851
599616144131.6366,88
599616144139.0367,-901
599616144146.729,-793
599616144154.4214,-319
599616144162.1136,-382
599616144169.806,-413
599616144177.4983,-269
599616144185.1906,-283
599616144192.8829,-331
599616144200.5752,-286
599616144208.2675,-259
599616144215.9598,-269
599616144223.6521,-269
599616144231.3445,-257
599616144239.0367,-250
599616144246.729,-240
599616144254.4214,-228
599616144262.1136,-214
599616144269.806,-209
599616144277.4983,-202
599616144285.1906,-180
599616144292.8829,-161
599616144300.5752,-144
599616144308.2675,-117
599616144315.9598,-96
599616144323.6521,-88
599616144331.3445,-76
599616144339.0367,-62
599616144346.729,-69
599616144354.4214,-93
599616144362.1136,-120
599616144369.806,-158
599616144377.4983,-204
599616144385.1906,-245
599616144392.8829,-278
599616144400.5752,-305
599616144408.2675,-324
599616144415.9598,-327
599616144423.6521,-329
599616144431.3445,-331
599616144439.0367,-327
599616144446.729,-317
599616144454.4214,-315
599616144462.1136,-312
599616144469.806,-310
599616144477.4983,-305
599616144485.1906,-303
599616144492.8829,-305
599616144500.5752,-303
599616144508.2675,-298
599616144515.9598,-298
599616144523.6521,-300
599616144531.3445,-303
599616144539.0367,-300
599616144546.729,-298
599616144554.4214,-293
599616144562.1136,-290
599616144569.806,-288
599616144577.4983,-288
599616144585.1906,-286
599616144592.8829,-283
599616144600.5752,-286
599616144608.2675,-281
599616144615.9598,-274
599616144623.6521,-276
599616144631.3445,-274
599616144639.0367,-271
599616144646.729,-271
599616144654.4214,-274
599616144662.1136,-269
599616144669.806,-264
599616144677.4983,-264
599616144685.1906,-269
599616144692.8829,-271
599616144700.2731,-271
599616144707.9653,-264
599616144715.6577,-233
599616144723.35,-204
599616144731.0424,-214
599616144738.7346,-233
599616144746.4269,-233
599616144754.1193,-235
599616144761.8115,-254
599616144769.5038,-269
599616144777.1962,-266
599616144784.8884,-259
599616144792.5808,-259
599616144800.2731,-262
599616144807.9653,-259
599616144815.6577,-259
599616144823.35,-269
599616144831.0424,-317
599616144838.7346,-387
599616144846.4269,-259
599616144854.1193,226
599616144861.8115,795
599616144869.5038,783
599616144877.1962,-163
599616144884.8884,-928
599616144892.5808,-606
599616144900.2731,-245
599616144907.9653,-360
599616144915.6577,-343
599616144923.35,-238
599616144931.0424,-274
599616144938.7346,-288
599616144946.4269,-245
599616144954.1193,-242
599616144961.8115,-254
599616144969.5038,-238
599616144977.1962,-230
599616144984.8884,-228
599616144992.5808,-221
599616145000.2731,-211
599616145007.9653,-204
599616145015.6577,-194
599616145023.35,-185
599616145031.0424,-175
599616145038.7346,-161
599616145046.4269,-137
599616145054.1193,-117
599616145061.8115,-101
599616145069.5038,-88
599616145077.1962,-79
599616145084.8884,-76
599616145092.5808,-79
599616145100.2731,-91
599616145107.9653,-122
599616145115.6577,-161
599616145123.35,-206
599616145131.0424,-250
599616145138.7346,-281
599616145146.4269,-295
599616145154.1193,-307
599616145161.8115,-317
599616145169.5038,-319
599616145177.1962,-312
599616145184.8884,-307
599616145192.5808,-300
599616145200.2731,-295
599616145207.9653,-295
599616145215.6577,-293
599616145223.35,-290
599616145231.0424,-290
599616145238.7346,-293
599616145246.4269,-293
599616145254.1193,-295
599616145261.5093,-295
599616145269.2015,-295
599616145276.8939,-295
599616145284.5862,-293
599616145292.2786,-288
599616145299.9708,-283
599616145307.6631,-281
599616145315.3555,-283
599616145323.0477,-283
599616145330.74,-274
599616145338.4324,-269
599616145346.1246,-271
599616145353.817,-271
599616145361.5093,-271
599616145369.2015,-269
599616145376.8939,-262
599616145384.5862,-259
599616145392.2786,-262
599616145399.9708,-262
599616145407.6631,-264
599616145415.3555,-259
599616145423.0477,-254
599616145430.74,-257
599616145438.4324,-257
599616145446.1246,-254
599616145453.817,-254
599616145461.5093,-257
599616145469.2015,-259
599616145476.8939,-259
599616145484.5862,-252
599616145492.2786,-221
599616145499.9708,-192
599616145507.6631,-199
599616145515.3555,-226
599616145523.0477,-230
599616145530.74,-230
599616145538.4324,-250
599616145546.1246,-271
599616145553.817,-266
599616145561.5093,-257
599616145569.2015,-257
599616145576.8939,-257
599616145584.5862,-254
599616145592.2786,-257
599616145599.9708,-254
599616145607.6631,-269
599616145615.3555,-336
599616145623.0477,-353
599616145630.74,-88
599616145638.4324,442
599616145646.1246,839
599616145653.817,452
599616145661.5093,-541
599616145669.2015,-829
599616145676.8939,-379
599616145684.5862,-264
599616145692.2786,-365
599616145699.9708,-281
599616145707.6631,-240
599616145715.3555,-286
599616145723.0477,-269
599616145730.74,-242
599616145738.4324,-250
599616145746.1246,-242
599616145753.817,-226
599616145761.5093,-228
599616145769.2015,-226
599616145776.8939,-204
599616145784.5862,-197
599616145792.2786,-194
599616145799.9708,-180
599616145807.6631,-170
599616145815.3555,-163
599616145822.7607,-141
599616145830.453,-122
599616145838.1454,-113
599616145845.8376,-101
599616145853.53,-91
599616145861.2223,-91
599616145868.9146,-88
599616145876.6069,-93
599616145884.2992,-113
599616145891.9915,-141
599616145899.6838,-177
599616145907.3761,-216
599616145915.0685,-247
599616145922.7607,-271
599616145930.453,-290
599616145938.1454,-303
599616145945.8376,-307
599616145953.53,-305
599616145961.2223,-300
599616145968.9146,-293
599616145976.6069,-290
599616145984.2992,-293
599616145991.9915,-290
599616145999.6838,-286
599616146007.3761,-290
599616146015.0685,-295
599616146022.7607,-290
599616146030.453,-286
599616146038.1454,-290
599616146045.8376,-295
599616146053.53,-293
599616146061.2223,-290
599616146068.9146,-290
599616146076.6069,-288
599616146084.2992,-283
599616146091.9915,-283
599616146099.6838,-283
599616146107.3761,-281
599616146115.0685,-278
599616146122.7607,-278
599616146130.453,-281
599616146138.1454,-281
599616146145.8376,-276
599616146153.53,-274
599616146161.2223,-274
599616146168.9146,-274
599616146176.6069,-276
599616146184.2992,-276
599616146191.9915,-269
599616146199.6838,-266
599616146207.3761,-274
599616146215.0685,-274
599616146222.7607,-269
599616146230.453,-269
599616146238.1454,-269
599616146245.8376,-266
599616146253.53,-269
599616146261.2223,-271
599616146268.9146,-269
599616146276.6069,-266
599616146284.2992,-262
599616146291.9915,-259
599616146299.6838,-259
599616146307.3761,-262
599616146315.0685,-264
599616146322.7607,-262
599616146330.453,-259
599616146338.1454,-259
599616146345.8376,-262
599616146353.53,-264
599616146361.2223,-264
599616146368.9146,-262
599616146376.6069,-247
599616146384.0122,-218
599616146391.7045,-202
599616146399.3969,-214
599616146407.0891,-233
599616146414.7815,-235
599616146422.4738,-242
599616146430.166,-266
599616146437.8584,-283
599616146445.5507,-281
599616146453.2429,-276
599616146460.9353,-271
599616146468.6276,-269
599616146476.32,-269
599616146484.0122,-269
599616146491.7045,-274
599616146499.3969,-303
599616146507.0891,-367
599616146514.7815,-327
599616146522.4738,2
599616146530.166,502
599616146537.8584,719
599616146545.5507,129
599616146553.2429,-735
599616146560.9353,-740
599616146568.6276,-331
599616146576.32,-336
599616146584.0122,-384
599616146591.7045,-286
599616146599.3969,-283
599616146607.0891,-312
599616146614.7815,-281
599616146622.4738,-266
599616146630.166,-274
599616146637.8584,-264
599616146645.5507,-252
599616146653.2429,-252
599616146660.9353,-245
599616146668.6276,-235
599616146676.32,-226
599616146684.0122,-216
599616146691.7045,-209
599616146699.3969,-194
599616146707.0891,-180
599616146714.7815,-168
599616146722.4738,-156
599616146730.166,-146
599616146737.8584,-134
599616146745.5507,-125
599616146753.2429,-125
599616146760.9353,-127
599616146768.6276,-129
599616146776.32,-141
599616146784.0122,-161
599616146791.7045,-189
599616146799.3969,-223
599616146807.0891,-257
599616146814.7815,-281
599616146822.4738,-298
599616146830.166,-305
599616146837.8584,-305
599616146845.5507,-310
599616146853.2429,-312
599616146860.9353,-305
599616146868.6276,-300
599616146876.32,-300
599616146884.0122,-298
599616146891.7045,-295
599616146899.3969,-295
599616146907.0891,-293
599616146914.7815,-288
599616146922.4738,-288
599616146930.166,-288
599616146937.8584,-290
599616146945.2637,-290
599616146952.9559,-288
599616146960.6483,-288
599616146968.3406,-290
599616146976.033,-290
599616146983.7252,-290
599616146991.4175,-298
599616146999.1099,-298
599616147006.8021,-295
599616147014.4944,-295
599616147022.1868,-295
599616147029.879,-298
599616147037.5714,-298
599616147045.2637,-295
599616147052.9559,-298
599616147060.6483,-305
599616147068.3406,-300
599616147076.033,-295
599616147083.7252,-298
599616147091.4175,-295
599616147099.1099,-290
599616147106.8021,-290
599616147114.4944,-293
599616147122.1868,-293
599616147129.879,-286
599616147137.5714,-281
599616147145.2637,-283
599616147152.9559,-283
599616147160.6483,-283
599616147168.3406,-281
599616147176.033,-278
599616147183.7252,-274
599616147191.4175,-276
599616147199.1099,-278
599616147206.8021,-278
599616147214.4944,-274
599616147222.1868,-274
599616147229.879,-276
599616147237.5714,-271
599616147245.2637,-254
599616147252.9559,-226
599616147260.6483,-214
599616147268.3406,-233
599616147276.033,-252
599616147283.7252,-252
599616147291.4175,-262
599616147299.1099,-283
599616147306.8021,-290
599616147314.4944,-283
599616147322.1868,-278
599616147329.879,-281
599616147337.5714,-283
599616147345.2637,-281
599616147352.9559,-281
599616147360.6483,-286
599616147368.3406,-331
599616147376.033,-379
599616147383.7252,-223
599616147391.4175,214
599616147399.1099,656
599616147406.8021,521
599616147414.4944,-339
599616147422.1868,-870
599616147429.879,-543
599616147437.5714,-300
599616147445.2637,-387
599616147452.9559,-339
599616147460.6483,-266
599616147468.3406,-305
599616147476.033,-307
599616147483.7252,-274
599616147491.4175,-278
599616147499.1099,-278
599616147506.4948,-262
599616147514.187,-257
599616147521.8794,-257
599616147529.5717,-245
599616147537.264,-230
599616147544.9563,-223
599616147552.6486,-218
599616147560.341,-211
599616147568.0332,-204
599616147575.7255,-187
599616147583.4178,-170
599616147591.1101,-156
599616147598.8025,-139
599616147606.4948,-127
599616147614.187,-127
599616147621.8794,-127
599616147629.5717,-129
599616147637.264,-134
599616147644.9563,-146
599616147652.6486,-175
599616147660.341,-211
599616147668.0332,-242
599616147675.7255,-266
599616147683.4178,-290
599616147691.1101,-307
599616147698.8025,-312
599616147706.4948,-317
599616147714.187,-315
599616147721.8794,-312
599616147729.5717,-312
599616147737.264,-310
599616147744.9563,-310
599616147752.6486,-307
599616147760.341,-300
599616147768.0332,-298
599616147775.7255,-298
599616147783.4178,-295
599616147791.1101,-293
599616147798.8025,-293
599616147806.4948,-295
599616147814.187,-295
599616147821.8794,-295
599616147829.5717,-293
599616147837.264,-293
599616147844.9563,-293
599616147852.6486,-295
599616147860.341,-295
599616147868.0332,-295
599616147875.7255,-295
599616147883.4178,-298
599616147891.1101,-298
599616147898.8025,-295
599616147906.4948,-295
599616147914.187,-298
599616147921.8794,-300
599616147929.5717,-300
599616147937.264,-300
599616147944.9563,-298
599616147952.6486,-298
599616147960.341,-298
599616147968.0332,-298
599616147975.7255,-298
599616147983.4178,-300
599616147991.1101,-295
599616147998.8025,-293
599616148006.4948,-298
599616148014.187,-293
599616148021.8794,-288
599616148029.5717,-290
599616148037.264,-295
599616148044.9563,-293
599616148052.6486,-293
599616148060.341,-300
599616148067.736,-300
599616148075.4282,-286
599616148083.1206,-257
599616148090.8129,-230
599616148098.5052,-230
599616148106.1975,-254
599616148113.8898,-269
599616148121.5822,-269
599616148129.2744,-286
599616148136.9667,-310
599616148144.659,-315
599616148152.3513,-305
599616148160.0437,-303
599616148167.736,-300
599616148175.4282,-300
599616148183.1206,-300
599616148190.8129,-305
599616148198.5052,-339
599616148206.1975,-396
599616148213.8898,-319
599616148221.5822,50
599616148229.2744,553
599616148236.9667,670
599616148244.659,-57
599616148252.3513,-860
599616148260.0437,-707
599616148267.736,-327
599616148275.4282,-394
599616148283.1206,-401
599616148290.8129,-288
599616148298.5052,-307
599616148306.1975,-334
599616148313.8898,-290
599616148321.5822,-278
599616148329.2744,-295
599616148336.9667,-281
599616148344.659,-269
599616148352.3513,-269
599616148360.0437,-257
599616148367.736,-240
599616148375.4282,-238
599616148383.1206,-233
599616148390.8129,-221
599616148398.5052,-206
599616148406.1975,-189
599616148413.8898,-173
599616148421.5822,-158
599616148429.2744,-141
599616148436.9667,-127
599616148444.659,-117
599616148452.3513,-113
599616148460.0437,-117
599616148467.736,-132
599616148475.4282,-153
599616148483.1206,-177
599616148490.8129,-209
599616148498.5052,-250
599616148506.1975,-295
599616148513.8898,-329
599616148521.5822,-346
599616148529.2744,-353
599616148536.9667,-355
599616148544.659,-348
599616148552.3513,-348
599616148560.0437,-353
599616148567.736,-353
599616148575.4282,-353
599616148583.1206,-353
599616148590.8129,-343
599616148598.5052,-339
599616148606.1975,-339
599616148613.8898,-336
599616148621.5822,-334
599616148628.9773,-331
599616148636.6696,-322
599616148644.3619,-319
599616148652.0542,-324
599616148659.7466,-327
599616148667.4388,-327
599616148675.1311,-324
599616148682.8235,-322
599616148690.5157,-329
599616148698.208,-334
599616148705.9004,-322
599616148713.5927,-319
599616148721.285,-329
599616148728.9773,-327
599616148736.6696,-322
599616148744.3619,-324
599616148752.0542,-331
599616148759.7466,-324
599616148767.4388,-317
599616148775.1311,-322
599616148782.8235,-324
599616148790.5157,-315
599616148798.208,-319
599616148805.9004,-322
599616148813.5927,-293
599616148821.285,-254
599616148828.9773,-252
599616148836.6696,-274
599616148844.3619,-276
599616148852.0542,-274
599616148859.7466,-290
599616148867.4388,-319
599616148875.1311,-327
599616148882.8235,-315
599616148890.5157,-312
599616148898.208,-312
599616148905.9004,-307
599616148913.5927,-310
599616148921.285,-312
599616148928.9773,-327
599616148936.6696,-399
599616148944.3619,-423
599616148952.0542,-156
599616148959.7466,389
599616148967.4388,793
599616148975.1311,360
599616148982.8235,-678
599616148990.5157,-923
599616148998.208,-440
599616149005.9004,-348
599616149013.5927,-440
599616149021.285,-322
599616149028.9773,-286
599616149036.6696,-339
599616149044.3619,-310
599616149052.0542,-276
599616149059.7466,-293
599616149067.4388,-288
599616149075.1311,-271
599616149082.8235,-274
599616149090.5157,-269
599616149098.208,-250
599616149105.9004,-240
599616149113.5927,-235
599616149121.285,-221
599616149128.9773,-206
599616149136.6696,-202
599616149144.3619,-180
599616149152.0542,-144
599616149159.7466,-125
599616149167.4388,-117
599616149175.1311,-110
599616149182.8235,-105
599616149190.2084,-103
599616149197.9006,-103
599616149205.593,-132
599616149213.2853,-177
599616149220.9777,-211
599616149228.6699,-247
599616149236.3622,-298
599616149244.0546,-334
599616149251.7468,-355
599616149259.4391,-363
599616149267.1315,-370
599616149274.8237,-377
599616149282.5161,-367
599616149290.2084,-358
599616149297.9006,-358
599616149305.593,-355
599616149313.2853,-353
599616149320.9777,-355
599616149328.6699,-351
599616149336.3622,-348
599616149344.0546,-343
599616149351.7468,-334
599616149359.4391,-331
599616149367.1315,-334
599616149374.8237,-331
599616149382.5161,-331
599616149390.2084,-329
599616149397.9006,-324
599616149405.593,-324
599616149413.2853,-329
599616149420.9777,-329
599616149428.6699,-327
599616149436.3622,-322
599616149444.0546,-317
599616149451.7468,-319
599616149459.4391,-329
599616149467.1315,-329
599616149474.8237,-319
599616149482.5161,-319
599616149490.2084,-322
599616149497.9006,-324
599616149505.593,-331
599616149513.2853,-327
599616149520.9777,-298
599616149528.6699,-269
599616149536.3622,-257
599616149544.0546,-271
599616149551.7468,-286
599616149559.4391,-283
599616149567.1315,-303
599616149574.8237,-329
599616149582.5161,-331
599616149590.2084,-324
599616149597.9006,-324
599616149605.593,-317
599616149613.2853,-312
599616149620.9777,-317
599616149628.6699,-322
599616149636.3622,-355
599616149644.0546,-430
599616149651.7468,-389
599616149659.4391,-16
599616149667.1315,586
599616149674.8237,834
599616149682.5161,79
599616149690.2084,-913
599616149697.9006,-824
599616149705.593,-365
599616149713.2853,-416
599616149720.9777,-444
599616149728.6699,-312
599616149736.3622,-319
599616149744.0546,-351
599616149751.4292,-312
599616149759.1215,-293
599616149766.8138,-303
599616149774.5061,-298
599616149782.1985,-293
599616149789.8907,-293
599616149797.583,-276
599616149805.2754,-266
599616149812.9677,-269
599616149820.6599,-257
599616149828.3523,-230
599616149836.0446,-206
599616149843.7369,-197
599616149851.4292,-192
599616149859.1215,-165
599616149866.8138,-141
599616149874.5061,-132
599616149882.1985,-120
599616149889.8907,-110
599616149897.583,-120
599616149905.2754,-141
599616149912.9677,-161
599616149920.6599,-182
599616149928.3523,-228
599616149936.0446,-283
599616149943.7369,-327
599616149951.4292,-351
599616149959.1215,-367
599616149966.8138,-382
599616149974.5061,-389
599616149982.1985,-389
599616149989.8907,-375
599616149997.583,-363
599616150005.2754,-370
599616150012.9677,-367
599616150020.6599,-348
599616150028.3523,-348
599616150036.0446,-365
599616150043.7369,-360
599616150051.4292,-343
599616150059.1215,-348
599616150066.8138,-355
599616150074.5061,-351
599616150082.1985,-351
599616150089.8907,-353
599616150097.583,-346
599616150105.2754,-348
599616150112.9677,-353
599616150120.6599,-346
599616150128.3523,-341
599616150136.0446,-341
599616150143.7369,-343
599616150151.4292,-348
599616150159.1215,-341
599616150166.8138,-329
599616150174.5061,-336
599616150182.1985,-346
599616150189.8907,-341
599616150197.583,-341
599616150205.2754,-339
599616150212.9677,-307
599616150220.6599,-271
599616150228.3523,-274
599616150236.0446,-295
599616150243.7369,-295
599616150251.4292,-300
599616150259.1215,-322
599616150266.8138,-334
599616150274.5061,-331
599616150282.1985,-329
599616150289.8907,-334
599616150297.583,-331
599616150305.2754,-329
599616150312.6553,-331
599616150320.3475,-336
599616150328.0399,-387
599616150335.7322,-449
599616150343.4246,-315
599616150351.1168,141
599616150358.8091,707
599616150366.5015,680
599616150374.1937,-303
599616150381.886,-1024
599616150389.5784,-651
599616150397.2706,-327
599616150404.963,-464
599616150412.6553,-413
599616150420.3475,-298
599616150428.0399,-353
599616150435.7322,-367
599616150443.4246,-319
599616150451.1168,-322
599616150458.8091,-322
599616150466.5015,-307
599616150474.1937,-305
599616150481.886,-295
599616150489.5784,-288
599616150497.2706,-283
599616150504.963,-271
599616150512.6553,-252
599616150520.3475,-238
599616150528.0399,-226
599616150535.7322,-209
599616150543.4246,-192
599616150551.1168,-170
599616150558.8091,-153
599616150566.5015,-144
599616150574.1937,-129
599616150581.886,-125
599616150589.5784,-139
599616150597.2706,-161
599616150604.963,-182
599616150612.6553,-218
599616150620.3475,-281
599616150628.0399,-331
599616150635.7322,-351
599616150643.4246,-375
599616150651.1168,-401
599616150658.8091,-404
599616150666.5015,-396
599616150674.1937,-401
599616150681.886,-399
599616150689.5784,-389
599616150697.2706,-394
599616150704.963,-391
599616150712.6553,-377
599616150720.3475,-375
599616150728.0399,-377
599616150735.7322,-379
599616150743.4246,-370
599616150751.1168,-360
599616150758.8091,-360
599616150766.5015,-370
599616150774.1937,-365
599616150781.886,-353
599616150789.5784,-358
599616150797.2706,-367
599616150804.963,-360
599616150812.6553,-360
599616150820.3475,-360
599616150828.0399,-358
599616150835.7322,-358
599616150843.4246,-353
599616150851.1168,-346
599616150858.8091,-351
599616150866.5015,-358
599616150873.9017,-358
599616150881.594,-343
599616150889.2864,-317
599616150896.9786,-298
599616150904.671,-300
599616150912.3633,-300
599616150920.0555,-317
599616150927.7479,-353
599616150935.4402,-360
599616150943.1324,-355
599616150950.8248,-360
599616150958.5171,-353
599616150966.2095,-331
599616150973.9017,-329
599616150981.594,-348
599616150989.2864,-360
599616150996.9786,-396
599616151004.671,-456
599616151012.3633,-319
599616151020.0555,165
599616151027.7479,711
599616151035.4402,596
599616151043.1324,-413
599616151050.8248,-1034
599616151058.5171,-613
599616151066.2095,-329
599616151073.9017,-459
599616151081.594,-379
599616151089.2864,-293
599616151096.9786,-375
599616151104.671,-367
599616151112.3633,-293
599616151120.0555,-305
599616151127.7479,-336
599616151135.4402,-315
599616151143.1324,-283
599616151150.8248,-278
599616151158.5171,-281
599616151166.2095,-281
599616151173.9017,-264
599616151181.594,-252
599616151189.2864,-245
599616151196.9786,-223
599616151204.671,-206
599616151212.3633,-182
599616151220.0555,-153
599616151227.7479,-146
599616151235.4402,-139
599616151243.1324,-129
599616151250.8248,-127
599616151258.5171,-139
599616151266.2095,-165
599616151273.9017,-187
599616151281.594,-221
599616151289.2864,-281
599616151296.9786,-334
599616151304.671,-367
599616151312.3633,-394
599616151320.0555,-394
599616151327.7479,-384
599616151335.4402,-396
599616151343.1324,-404
599616151350.8248,-396
599616151358.5171,-389
599616151366.2095,-377
599616151373.9017,-370
599616151381.594,-372
599616151389.2864,-370
599616151396.9786,-358
599616151404.671,-367
599616151412.3633,-377
599616151420.0555,-351
599616151427.7479,-343
599616151435.1226,-367
599616151442.8148,-353
599616151450.5072,-336
599616151458.1995,-358
599616151465.8918,-365
599616151473.5841,-351
599616151481.2764,-348
599616151488.9688,-346
599616151496.661,-336
599616151504.3533,-351
599616151512.0457,-355
599616151519.7379,-334
599616151527.4303,-319
599616151535.1226,-319
599616151542.8148,-315
599616151550.5072,-317
599616151558.1995,-341
599616151565.8918,-358
599616151573.5841,-339
599616151581.2764,-317
599616151588.9688,-327
599616151596.661,-346
599616151604.3533,-339
599616151612.0457,-329
599616151619.7379,-353
599616151627.4303,-423
599616151635.1226,-428
599616151642.8148,-137
599616151650.5072,435
599616151658.1995,762
599616151665.8918,149
599616151673.5841,-839
599616151681.2764,-848
599616151688.9688,-367
599616151696.661,-382
599616151704.3533,-454
599616151712.0457,-324
599616151719.7379,-305
599616151727.4303,-348
599616151735.1226,-315
599616151742.8148,-288
599616151750.5072,-312
599616151758.1995,-305
599616151765.8918,-274
599616151773.5841,-278
599616151781.2764,-288
599616151788.9688,-266
599616151796.661,-254
599616151804.3533,-257
599616151812.0457,-240
599616151819.7379,-214
599616151827.4303,-202
599616151835.1226,-187
599616151842.8148,-161
599616151850.5072,-139
599616151858.1995,-129
599616151865.8918,-122
599616151873.5841,-117
599616151881.2764,-127
599616151888.9688,-141
599616151896.661,-163
599616151904.3533,-211
599616151912.0457,-264
599616151919.7379,-300
599616151927.4303,-341
599616151935.1226,-382
599616151942.8148,-394
599616151950.5072,-384
599616151958.1995,-382
599616151965.8918,-384
599616151973.5841,-382
599616151981.2764,-375
599616151988.9688,-367
599616151996.3639,-365
599616152004.0562,-367
599616152011.7485,-365
599616152019.4408,-348
599616152027.1332,-343
599616152034.8254,-351
599616152042.5177,-341
599616152050.2101,-331
599616152057.9023,-341
599616152065.5946,-346
599616152073.287,-334
599616152080.9792,-339
599616152088.6716,-343
599616152096.3639,-334
599616152104.0562,-331
599616152111.7485,-343
599616152119.4408,-334
599616152127.1332,-329
599616152134.8254,-343
599616152142.5177,-331
599616152150.2101,-305
599616152157.9023,-303
599616152165.5946,-307
599616152173.287,-305
599616152180.9792,-315
599616152188.6716,-329
599616152196.3639,-324
599616152204.0562,-315
599616152211.7485,-312
599616152219.4408,-312
599616152227.1332,-315
599616152234.8254,-315
599616152242.5177,-324
599616152250.2101,-399
599616152257.9023,-430
599616152265.5946,-156
599616152273.287,404
599616152280.9792,783
599616152288.6716,293
599616152296.3639,-711
599616152304.0562,-870
599616152311.7485,-399
599616152319.4408,-348
599616152327.1332,-425
599616152334.8254,-312
599616152342.5177,-295
599616152350.2101,-336
599616152357.9023,-300
599616152365.5946,-274
599616152373.287,-281
599616152380.9792,-283
599616152388.6716,-281
599616152396.3639,-266
599616152404.0562,-259
599616152411.7485,-259
599616152419.4408,-250
599616152427.1332,-228
599616152434.8254,-218
599616152442.5177,-216
599616152450.2101,-192
599616152457.9023,-165
599616152465.5946,-153
599616152473.287,-137
599616152480.9792,-117
599616152488.6716,-113
599616152496.3639,-105
599616152504.0562,-108
599616152511.7485,-129
599616152519.4408,-149
599616152527.1332,-180
599616152534.8254,-233
599616152542.5177,-281
599616152550.2101,-315
599616152557.5898,-343
599616152565.2821,-351
599616152572.9745,-346
599616152580.6667,-358
599616152588.3591,-363
599616152596.0514,-343
599616152603.7437,-336
599616152611.436,-355
599616152619.1283,-353
599616152626.8206,-327
599616152634.513,-322
599616152642.2052,-329
599616152649.8976,-324
599616152657.5898,-312
599616152665.2821,-305
599616152672.9745,-312
599616152680.6667,-317
599616152688.3591,-303
599616152696.0514,-305
599616152703.7437,-319
599616152711.436,-307
599616152719.1283,-295
599616152726.8206,-300
599616152734.513,-293
599616152742.2052,-290
599616152749.8976,-293
599616152757.5898,-293
599616152765.2821,-290
599616152772.9745,-293
599616152780.6667,-290
599616152788.3591,-288
599616152796.0514,-293
599616152803.7437,-288
599616152811.436,-276
599616152819.1283,-269
599616152826.8206,-259
599616152834.513,-250
599616152842.2052,-252
599616152849.8976,-269
599616152857.5898,-281
599616152865.2821,-276
599616152872.9745,-264
599616152880.6667,-264
599616152888.3591,-262
599616152896.0514,-259
599616152903.7437,-264
599616152911.436,-286
599616152919.1283,-348
599616152926.8206,-358
599616152934.513,-81
599616152942.2052,488
599616152949.8976,892
599616152957.5898,408
599616152965.2821,-644
599616152972.9745,-848
599616152980.6667,-351
599616152988.3591,-290
599616152996.0514,-399
599616153003.7437,-276
599616153011.436,-238
599616153019.1283,-298
599616153026.8206,-266
599616153034.513,-230
599616153042.2052,-252
599616153049.8976,-257
599616153057.5898,-238
599616153065.2821,-228
599616153072.9745,-226
599616153080.6667,-214
599616153088.3591,-202
599616153096.0514,-199
599616153103.7437,-194
599616153111.436,-177
599616153118.8159,-158
599616153126.5082,-141
599616153134.2006,-127
599616153141.8928,-110
599616153149.5852,-96
599616153157.2775,-86
599616153164.9697,-81
599616153172.6621,-84
599616153180.3544,-96
599616153188.0466,-117
599616153195.739,-158
599616153203.4313,-199
599616153211.1237,-235
599616153218.8159,-262
599616153226.5082,-283
599616153234.2006,-305
599616153241.8928,-317
599616153249.5852,-312
599616153257.2775,-310
599616153264.9697,-312
599616153272.6621,-310
599616153280.3544,-300
599616153288.0466,-290
599616153295.739,-286
599616153303.4313,-290
599616153311.1237,-290
599616153318.8159,-286
599616153326.5082,-283
599616153334.2006,-288
599616153341.8928,-286
599616153349.5852,-283
599616153357.2775,-286
599616153364.9697,-286
599616153372.6621,-281
599616153380.3544,-278
599616153388.0466,-281
599616153395.739,-281
599616153403.4313,-278
599616153411.1237,-281
599616153418.8159,-283
599616153426.5082,-278
599616153434.2006,-274
599616153441.8928,-278
599616153449.5852,-278
599616153457.2775,-269
599616153464.9697,-266
599616153472.6621,-269
599616153480.3544,-266
599616153488.0466,-259
599616153495.739,-259
599616153503.4313,-264
599616153511.1237,-264
599616153518.8159,-266
599616153526.5082,-264
599616153534.2006,-257
599616153541.8928,-257
599616153549.5852,-262
599616153557.2775,-264
599616153564.9697,-262
599616153572.6621,-264
599616153580.3544,-269
599616153588.0466,-269
599616153595.739,-266
599616153603.4313,-262
599616153611.1237,-250
599616153618.8159,-240
599616153626.5082,-238
599616153634.2006,-242
599616153641.8928,-254
599616153649.5852,-262
599616153657.2775,-264
599616153664.9697,-262
599616153672.6621,-259
599616153680.0674,-259
599616153687.7596,-259
599616153695.452,-262
599616153703.1443,-266
599616153710.8367,-317
599616153718.5289,-384
599616153726.2212,-233
599616153733.9136,262
599616153741.6058,810
599616153749.2981,735
599616153756.9905,-235
599616153764.6827,-904
599616153772.3751,-538
599616153780.0674,-240
599616153787.7596,-367
599616153795.452,-336
599616153803.1443,-245
599616153810.8367,-278
599616153818.5289,-286
599616153826.2212,-252
599616153833.9136,-254
599616153841.6058,-259
599616153849.2981,-242
599616153856.9905,-238
599616153864.6827,-235
599616153872.3751,-226
599616153880.0674,-223
599616153887.7596,-218
599616153895.452,-202
599616153903.1443,-189
599616153910.8367,-182
599616153918.5289,-165
599616153926.2212,-144
599616153933.9136,-129
599616153941.6058,-115
599616153949.2981,-101
599616153956.9905,-88
599616153964.6827,-74
599616153972.3751,-74
599616153980.0674,-101
599616153987.7596,-122
599616153995.452,-146
599616154003.1443,-199
599616154010.8367,-247
599616154018.5289,-271
599616154026.2212,-290
599616154033.9136,-307
599616154041.6058,-312
599616154049.2981,-312
599616154056.9905,-310
599616154064.6827,-305
599616154072.3751,-295
599616154080.0674,-290
599616154087.7596,-288
599616154095.452,-288
599616154103.1443,-286
599616154110.8367,-286
599616154118.5289,-288
599616154126.2212,-293
599616154133.9136,-295
599616154141.6058,-293
599616154149.2981,-290
599616154156.9905,-290
599616154164.6827,-293
599616154172.3751,-288
599616154180.0674,-283
599616154187.7596,-283
599616154195.452,-283
599616154203.1443,-283
599616154210.8367,-281
599616154218.5289,-278
599616154226.2212,-278
599616154233.9136,-278
599616154241.2985,-274
599616154248.9907,-269
599616154256.6831,-266
599616154264.3754,-264
599616154272.0677,-266
599616154279.76,-269
599616154287.4523,-259
599616154295.1447,-238
599616154302.8369,-228
599616154310.5292,-245
599616154318.2216,-266
599616154325.9138,-262
599616154333.6062,-252
599616154341.2985,-259
599616154348.9907,-266
599616154356.6831,-269
599616154364.3754,-264
599616154372.0677,-247
599616154379.76,-233
599616154387.4523,-228
599616154395.1447,-221
599616154402.8369,-223
599616154410.5292,-245
599616154418.2216,-257
599616154425.9138,-254
599616154433.6062,-257
599616154441.2985,-257
599616154448.9907,-252
599616154456.6831,-247
599616154464.3754,-242
599616154472.0677,-238
599616154479.76,-274
599616154487.4523,-353
599616154495.1447,-293
599616154502.8369,103
599616154510.5292,697
599616154518.2216,942
599616154525.9138,228
599616154533.6062,-764
599616154541.2985,-716
599616154548.9907,-240
599616154556.6831,-281
599616154564.3754,-377
599616154572.0677,-283
599616154579.76,-274
599616154587.4523,-310
599616154595.1447,-271
599616154602.8369,-252
599616154610.5292,-271
599616154618.2216,-262
599616154625.9138,-245
599616154633.6062,-250
599616154641.2985,-247
599616154648.9907,-230
599616154656.6831,-221
599616154664.3754,-214
599616154672.0677,-199
599616154679.76,-185
599616154687.4523,-165
599616154695.1447,-146
599616154702.8369,-122
599616154710.5292,-105
599616154718.2216,-101
599616154725.9138,-91
599616154733.6062,-79
599616154741.2985,-84
599616154748.9907,-105
599616154756.6831,-127
599616154764.3754,-151
599616154772.0677,-185
599616154779.76,-223
599616154787.4523,-252
599616154795.1447,-276
599616154802.5398,-290
599616154810.232,-300
599616154817.9244,-300
599616154825.6167,-293
599616154833.3091,-290
599616154841.0013,-293
599616154848.6936,-293
599616154856.386,-290
599616154864.0782,-295
599616154871.7705,-295
599616154879.4629,-295
599616154887.1552,-293
599616154894.8475,-290
599616154902.5398,-293
599616154910.232,-293
599616154917.9244,-290
599616154925.6167,-290
599616154933.3091,-290
599616154941.0013,-288
599616154948.6936,-288
599616154956.386,-283
599616154964.0782,-283
599616154971.7705,-286
599616154979.4629,-286
599616154987.1552,-281
599616154994.8475,-281
599616155002.5398,-281
599616155010.232,-276
599616155017.9244,-278
599616155025.6167,-278
599616155033.3091,-276
599616155041.0013,-274
599616155048.6936,-274
599616155056.386,-274
599616155064.0782,-274
599616155071.7705,-274
599616155079.4629,-274
599616155087.1552,-271
599616155094.8475,-269
599616155102.5398,-269
599616155110.232,-269
599616155117.9244,-269
599616155125.6167,-269
599616155133.3091,-269
599616155141.0013,-276
599616155148.6936,-281
599616155156.386,-283
599616155164.0782,-274
599616155171.7705,-254
599616155179.4629,-242
599616155187.1552,-240
599616155194.8475,-235
599616155202.5398,-242
599616155210.232,-262
599616155217.9244,-269
599616155225.6167,-266
599616155233.3091,-259
599616155241.0013,-259
599616155248.6936,-259
599616155256.386,-259
599616155264.0782,-259
599616155271.7705,-264
599616155279.4629,-305
599616155287.1552,-370
599616155294.8475,-264
599616155302.5398,175
599616155310.232,716
599616155317.9244,743
599616155325.6167,-117
599616155333.3091,-877
599616155341.0013,-613
599616155348.6936,-252
599616155356.386,-351
599616155363.7913,-348
599616155371.4835,-250
599616155379.1759,-278
599616155386.8682,-298
599616155394.5605,-262
599616155402.2528,-257
599616155409.9451,-262
599616155417.6375,-245
599616155425.3297,-238
599616155433.022,-240
599616155440.7144,-233
599616155448.4066,-226
599616155456.099,-218
599616155463.7913,-204
599616155471.4835,-187
599616155479.1759,-175
599616155486.8682,-168
599616155494.5605,-153
599616155502.2528,-132
599616155509.9451,-117
599616155517.6375,-110
599616155525.3297,-105
599616155533.022,-105
599616155540.7144,-110
599616155548.4066,-120
599616155556.099,-134
599616155563.7913,-161
599616155571.4835,-197
599616155579.1759,-235
599616155586.8682,-269
599616155594.5605,-288
599616155602.2528,-300
599616155609.9451,-310
599616155617.6375,-312
599616155625.3297,-310
599616155633.022,-310
599616155640.7144,-312
599616155648.4066,-307
599616155656.099,-300
599616155663.7913,-300
599616155671.4835,-303
599616155679.1759,-300
599616155686.8682,-298
599616155694.5605,-295
599616155702.2528,-293
599616155709.9451,-293
599616155717.6375,-298
599616155725.3297,-298
599616155733.022,-295
599616155740.7144,-293
599616155748.4066,-298
599616155756.099,-298
599616155763.7913,-298
599616155771.4835,-300
599616155779.1759,-300
599616155786.8682,-295
599616155794.5605,-293
599616155802.2528,-298
599616155809.9451,-298
599616155817.6375,-295
599616155825.3297,-293
599616155833.022,-288
599616155840.7144,-288
599616155848.4066,-290
599616155856.099,-290
599616155863.7913,-293
599616155871.4835,-290
599616155879.1759,-283
599616155886.8682,-283
599616155894.5605,-286
599616155902.2528,-281
599616155909.9451,-278
599616155917.6375,-278
599616155925.0376,-276
599616155932.7299,-274
599616155940.4222,-274
599616155948.1145,-281
599616155955.8069,-288
599616155963.4991,-286
599616155971.1914,-278
599616155978.8838,-264
599616155986.576,-254
599616155994.2683,-245
599616156001.9607,-238
599616156009.653,-245
599616156017.3453,-266
599616156025.0376,-278
599616156032.7299,-276
599616156040.4222,-271
599616156048.1145,-271
599616156055.8069,-269
599616156063.4991,-264
599616156071.1914,-266
599616156078.8838,-278
599616156086.576,-327
599616156094.2683,-377
599616156101.9607,-211
599616156109.653,269
599616156117.3453,755
599616156125.0376,577
599616156132.7299,-389
599616156140.4222,-923
599616156148.1145,-519
599616156155.8069,-266
599616156163.4991,-382
599616156171.1914,-329
599616156178.8838,-250
599616156186.576,-295
599616156194.2683,-298
599616156201.9607,-259
599616156209.653,-262
599616156217.3453,-266
599616156225.0376,-250
599616156232.7299,-242
599616156240.4222,-240
599616156248.1145,-230
599616156255.8069,-223
599616156263.4991,-216
599616156271.1914,-202
599616156278.8838,-192
599616156286.576,-185
599616156294.2683,-165
599616156301.9607,-151
599616156309.653,-141
599616156317.3453,-127
599616156325.0376,-115
599616156332.7299,-115
599616156340.4222,-125
599616156348.1145,-129
599616156355.8069,-139
599616156363.4991,-153
599616156371.1914,-177
599616156378.8838,-216
599616156386.576,-252
599616156394.2683,-278
599616156401.9607,-300
599616156409.653,-310
599616156417.3453,-317
599616156425.0376,-322
599616156432.7299,-322
599616156440.4222,-312
599616156448.1145,-305
599616156455.8069,-305
599616156463.4991,-305
599616156471.1914,-303
599616156478.8838,-298
599616156486.2635,-295
599616156493.9558,-295
599616156501.6482,-293
599616156509.3405,-290
599616156517.0328,-298
599616156524.7251,-303
599616156532.4174,-298
599616156540.1097,-295
599616156547.802,-298
599616156555.4943,-300
599616156563.1866,-298
599616156570.8789,-295
599616156578.5713,-295
599616156586.2635,-300
599616156593.9558,-303
599616156601.6482,-305
599616156609.3405,-305
599616156617.0328,-300
599616156624.7251,-298
599616156632.4174,-298
599616156640.1097,-303
599616156647.802,-305
599616156655.4943,-303
599616156663.1866,-298
599616156670.8789,-293
599616156678.5713,-288
599616156686.2635,-290
599616156693.9558,-293
599616156701.6482,-290
599616156709.3405,-288
599616156717.0328,-288
599616156724.7251,-295
599616156732.4174,-298
599616156740.1097,-283
599616156747.802,-269
599616156755.4943,-257
599616156763.1866,-247
599616156770.8789,-242
599616156778.5713,-257
599616156786.2635,-278
599616156793.9558,-286
599616156801.6482,-283
599616156809.3405,-278
599616156817.0328,-276
599616156824.7251,-276
599616156832.4174,-271
599616156840.1097,-274
599616156847.802,-300
599616156855.4943,-365
599616156863.1866,-346
599616156870.8789,-24
599616156878.5713,505
599616156886.2635,747
599616156893.9558,137
599616156901.6482,-788
599616156909.3405,-786
599616156917.0328,-319
599616156924.7251,-315
599616156932.4174,-370
599616156940.1097,-262
599616156947.802,-259
599616156955.4943,-303
599616156963.1866,-271
599616156970.8789,-254
599616156978.5713,-269
599616156986.2635,-259
599616156993.9558,-245
599616157001.6482,-238
599616157009.3405,-230
599616157017.0328,-226
599616157024.7251,-218
599616157032.4174,-209
599616157040.1097,-199
599616157047.515,-187
599616157055.2073,-168
599616157062.8997,-156
599616157070.5919,-144
599616157078.2843,-125
599616157085.9766,-115
599616157093.6688,-115
599616157101.3612,-122
599616157109.0535,-129
599616157116.7457,-132
599616157124.4381,-139
599616157132.1304,-165
599616157139.8228,-204
599616157147.515,-235
599616157155.2073,-266
599616157162.8997,-295
599616157170.5919,-310
599616157178.2843,-312
599616157185.9766,-317
599616157193.6688,-327
599616157201.3612,-327
599616157209.0535,-307
599616157216.7457,-281
599616157224.4381,-276
599616157232.1304,-288
599616157239.8228,-283
599616157247.515,-290
599616157255.2073,-305
599616157262.8997,-312
599616157270.5919,-322
599616157278.2843,-315
599616157285.9766,-307
599616157293.6688,-322
599616157301.3612,-322
599616157309.0535,-315
599616157316.7457,-319
599616157324.4381,-322
599616157332.1304,-317
599616157339.8228,-317
599616157347.515,-319
599616157355.2073,-315
599616157362.8997,-310
599616157370.5919,-317
599616157378.2843,-327
599616157385.9766,-322
599616157393.6688,-310
599616157401.3612,-310
599616157409.0535,-312
599616157416.7457,-305
599616157424.4381,-303
599616157432.1304,-307
599616157439.8228,-307
599616157447.515,-303
599616157455.2073,-307
599616157462.8997,-315
599616157470.5919,-312
599616157478.2843,-310
599616157485.9766,-303
599616157493.6688,-283
599616157501.3612,-274
599616157509.0535,-271
599616157516.7457,-266
599616157524.4381,-281
599616157532.1304,-300
599616157539.8228,-300
599616157547.515,-293
599616157555.2073,-293
599616157562.8997,-295
599616157570.5919,-298
599616157578.2843,-295
599616157585.9766,-305
599616157593.6688,-351
599616157601.3612,-389
599616157608.7461,-223
599616157616.4384,242
599616157624.1307,719
599616157631.823,521
599616157639.5154,-471
599616157647.2076,-978
599616157654.8999,-541
599616157662.5923,-300
599616157670.2845,-416
599616157677.9768,-339
599616157685.6692,-259
599616157693.3615,-315
599616157701.0538,-312
599616157708.7461,-266
599616157716.4384,-271
599616157724.1307,-276
599616157731.823,-262
599616157739.5154,-254
599616157747.2076,-252
599616157754.8999,-245
599616157762.5923,-235
599616157770.2845,-226
599616157777.9768,-218
599616157785.6692,-209
599616157793.3615,-187
599616157801.0538,-161
599616157808.7461,-151
599616157816.4384,-141
599616157824.1307,-125
599616157831.823,-115
599616157839.5154,-117
599616157847.2076,-122
599616157854.8999,-129
599616157862.5923,-139
599616157870.2845,-156
599616157877.9768,-192
599616157885.6692,-233
599616157893.3615,-266
599616157901.0538,-303
599616157908.7461,-329
599616157916.4384,-341
599616157924.1307,-346
599616157931.823,-351
599616157939.5154,-355
599616157947.2076,-348
599616157954.8999,-331
599616157962.5923,-324
599616157970.2845,-331
599616157977.9768,-331
599616157985.6692,-327
599616157993.3615,-324
599616158001.0538,-322
599616158008.7461,-319
599616158016.4384,-315
599616158024.1307,-317
599616158031.823,-315
599616158039.5154,-310
599616158047.2076,-315
599616158054.8999,-317
599616158062.5923,-317
599616158070.2845,-315
599616158077.9768,-310
599616158085.6692,-307
599616158093.3615,-312
599616158101.0538,-315
599616158108.7461,-312
599616158116.4384,-312
599616158124.1307,-310
599616158131.823,-305
599616158139.5154,-305
599616158147.2076,-307
599616158154.8999,-307
599616158162.5923,-315
599616158169.9874,-317
599616158177.6797,-298
599616158185.3721,-283
599616158193.0643,-276
599616158200.7567,-266
599616158208.449,-276
599616158216.1412,-300
599616158223.8336,-303
599616158231.5259,-298
599616158239.2181,-295
599616158246.9105,-288
599616158254.6028,-283
599616158262.2952,-293
599616158269.9874,-305
599616158277.6797,-343
599616158285.3721,-399
599616158293.0643,-252
599616158300.7567,221
599616158308.449,740
599616158316.1412,589
599616158323.8336,-423
599616158331.5259,-988
599616158339.2181,-553
599616158346.9105,-303
599616158354.6028,-432
599616158362.2952,-336
599616158369.9874,-245
599616158377.6797,-315
599616158385.3721,-305
599616158393.0643,-250
599616158400.7567,-266
599616158408.449,-276
599616158416.1412,-250
599616158423.8336,-240
599616158431.5259,-242
599616158439.2181,-240
599616158446.9105,-235
599616158454.6028,-221
599616158462.2952,-199
599616158469.9874,-182
599616158477.6797,-170
599616158485.3721,-158
599616158493.0643,-144
599616158500.7567,-129
599616158508.449,-115
599616158516.1412,-110
599616158523.8336,-105
599616158531.5259,-103
599616158539.2181,-117
599616158546.9105,-137
599616158554.6028,-158
599616158562.2952,-204
599616158569.9874,-259
599616158577.6797,-290
599616158585.3721,-312
599616158593.0643,-341
599616158600.7567,-363
599616158608.449,-367
599616158616.1412,-360
599616158623.8336,-358
599616158631.5259,-363
599616158639.2181,-360
599616158646.9105,-348
599616158654.6028,-343
599616158662.2952,-346
599616158669.9874,-343
599616158677.6797,-341
599616158685.3721,-339
599616158693.0643,-327
599616158700.7567,-329
599616158708.449,-336
599616158716.1412,-324
599616158723.8336,-322
599616158731.2286,-334
599616158738.9209,-329
599616158746.6133,-317
599616158754.3055,-322
599616158761.9979,-327
599616158769.6902,-329
599616158777.3824,-324
599616158785.0748,-317
599616158792.7671,-315
599616158800.4594,-322
599616158808.1517,-322
599616158815.844,-322
599616158823.5364,-324
599616158831.2286,-322
599616158838.9209,-307
599616158846.6133,-300
599616158854.3055,-290
599616158861.9979,-278
599616158869.6902,-290
599616158877.3824,-317
599616158885.0748,-317
599616158892.7671,-305
599616158900.4594,-305
599616158908.1517,-307
599616158915.844,-300
599616158923.5364,-290
599616158931.2286,-303
599616158938.9209,-351
599616158946.6133,-418
599616158954.3055,-331
599616158961.9979,72
599616158969.6902,649
599616158977.3824,738
599616158985.0748,-165
599616158992.7671,-983
599616159000.4594,-685
599616159008.1517,-303
599616159015.844,-418
599616159023.5364,-379
599616159031.2286,-252
599616159038.9209,-300
599616159046.6133,-327
599616159054.3055,-278
599616159061.9979,-274
599616159069.6902,-281
599616159077.3824,-259
599616159085.0748,-252
599616159092.7671,-262
599616159100.4594,-250
599616159108.1517,-233
599616159115.844,-230
599616159123.5364,-216
599616159131.2286,-197
599616159138.9209,-182
599616159146.6133,-173
599616159154.3055,-151
599616159161.9979,-132
599616159169.6902,-129
599616159177.3824,-122
599616159185.0748,-101
599616159192.7671,-98
599616159200.4594,-115
599616159208.1517,-134
599616159215.844,-153
599616159223.5364,-187
599616159231.2286,-242
599616159238.9209,-295
599616159246.6133,-324
599616159254.3055,-336
599616159261.9979,-353
599616159269.6902,-367
599616159277.3824,-370
599616159285.0748,-367
599616159292.4597,-363
599616159300.152,-355
599616159307.8444,-346
599616159315.5366,-351
599616159323.229,-351
599616159330.9213,-339
599616159338.6135,-334
599616159346.3059,-339
599616159353.9982,-346
599616159361.6904,-343
599616159369.3828,-334
599616159377.0751,-334
599616159384.7675,-334
599616159392.4597,-331
599616159400.152,-327
599616159407.8444,-322
599616159415.5366,-322
599616159423.229,-331
599616159430.9213,-329
599616159438.6135,-319
599616159446.3059,-322
599616159453.9982,-322
599616159461.6904,-319
599616159469.3828,-319
599616159477.0751,-324
599616159484.7675,-327
599616159492.4597,-312
599616159500.152,-290
599616159507.8444,-283
599616159515.5366,-283
599616159523.229,-283
599616159530.9213,-288
599616159538.6135,-305
599616159546.3059,-312
599616159553.9982,-307
599616159561.6904,-300
599616159569.3828,-288
599616159577.0751,-286
599616159584.7675,-300
599616159592.4597,-331
599616159600.152,-399
599616159607.8444,-367
599616159615.5366,-4
599616159623.229,596
599616159630.9213,820
599616159638.6135,40
599616159646.3059,-909
599616159653.9982,-769
599616159661.6904,-319
599616159669.3828,-389
599616159677.0751,-394
599616159684.7675,-250
599616159692.4597,-283
599616159700.152,-322
599616159707.8444,-264
599616159715.5366,-252
599616159723.229,-274
599616159730.9213,-257
599616159738.6135,-240
599616159746.3059,-245
599616159753.9982,-235
599616159761.6904,-216
599616159769.3828,-209
599616159777.0751,-202
599616159784.7675,-192
599616159792.4597,-177
599616159800.152,-156
599616159807.8444,-139
599616159815.5366,-127
599616159823.229,-103
599616159830.9213,-88
599616159838.6135,-86
599616159846.3059,-86
599616159853.7112,-96
599616159861.4034,-115
599616159869.0958,-132
599616159876.7881,-165
599616159884.4805,-223
599616159892.1727,-269
599616159899.865,-293
599616159907.5574,-319
599616159915.2496,-346
599616159922.9419,-351
599616159930.6343,-341
599616159938.3265,-341
599616159946.0189,-343
599616159953.7112,-341
599616159961.4034,-334
599616159969.0958,-327
599616159976.7881,-324
599616159984.4805,-324
599616159992.1727,-317
599616159999.865,-315
599616160007.5574,-315
599616160015.2496,-310
599616160022.9419,-307
599616160030.6343,-315
599616160038.3265,-317
599616160046.0189,-312
599616160053.7112,-305
599616160061.4034,-298
599616160069.0958,-300
599616160076.7881,-310
599616160084.4805,-303
599616160092.1727,-293
599616160099.865,-300
599616160107.5574,-305
599616160115.2496,-300
599616160122.9419,-298
599616160130.6343,-303
599616160138.3265,-303
599616160146.0189,-303
599616160153.7112,-305
599616160161.4034,-300
599616160169.0958,-290
599616160176.7881,-283
599616160184.4805,-269
599616160192.1727,-257
599616160199.865,-274
599616160207.5574,-290
599616160215.2496,-290
599616160222.9419,-286
599616160230.6343,-274
599616160238.3265,-269
599616160246.0189,-278
599616160253.7112,-281
599616160261.4034,-281
599616160269.0958,-334
599616160276.7881,-391
599616160284.4805,-214
599616160292.1727,300
599616160299.865,832
599616160307.5574,637
599616160315.2496,-423
599616160322.9419,-964
599616160330.6343,-502
599616160338.3265,-266
599616160346.0189,-404
599616160353.7112,-322
599616160361.4034,-233
599616160369.0958,-293
599616160376.7881,-286
599616160384.4805,-240
599616160392.1727,-259
599616160399.865,-264
599616160407.5574,-230
599616160414.9373,-223
599616160422.6295,-233
599616160430.3219,-223
599616160438.0142,-211
599616160445.7065,-206
599616160453.3988,-189
599616160461.0911,-168
599616160468.7834,-156
599616160476.4757,-144
599616160484.168,-129
599616160491.8604,-103
599616160499.5526,-84
599616160507.245,-84
599616160514.9373,-84
599616160522.6295,-79
599616160530.3219,-86
599616160538.0142,-110
599616160545.7065,-144
599616160553.3988,-180
599616160561.0911,-216
599616160568.7834,-259
599616160576.4757,-290
599616160584.168,-305
599616160591.8604,-315
599616160599.5526,-319
599616160607.245,-317
599616160614.9373,-315
599616160622.6295,-315
599616160630.3219,-303
599616160638.0142,-293
599616160645.7065,-300
599616160653.3988,-300
599616160661.0911,-290
599616160668.7834,-295
599616160676.4757,-298
599616160684.168,-288
599616160691.8604,-286
599616160699.5526,-290
599616160707.245,-288
599616160714.9373,-286
599616160722.6295,-286
599616160730.3219,-286
599616160738.0142,-286
599616160745.7065,-286
599616160753.3988,-283
599616160761.0911,-283
599616160768.7834,-283
599616160776.4757,-281
599616160784.168,-278
599616160791.8604,-278
599616160799.5526,-286
599616160807.245,-286
599616160814.9373,-276
599616160822.6295,-271
599616160830.3219,-274
599616160838.0142,-276
599616160845.7065,-278
599616160853.3988,-276
599616160861.0911,-269
599616160868.7834,-264
599616160876.4757,-266
599616160884.168,-271
599616160891.8604,-278
599616160899.5526,-278
599616160907.245,-271
599616160914.9373,-262
599616160922.6295,-250
599616160930.3219,-235
599616160938.0142,-233
599616160945.7065,-252
599616160953.3988,-266
599616160961.0911,-264
599616160968.7834,-259
599616160976.1633,-262
599616160983.8556,-262
599616160991.548,-254
599616160999.2402,-254
599616161006.9326,-262
599616161014.6249,-288
599616161022.3171,-360
599616161030.0095,-339
599616161037.7018,19
599616161045.394,620
599616161053.0864,899
599616161060.7787,206
599616161068.4711,-817
599616161076.1633,-795
599616161083.8556,-298
599616161091.548,-322
599616161099.2402,-387
599616161106.9326,-262
599616161114.6249,-264
599616161122.3171,-310
599616161130.0095,-269
599616161137.7018,-247
599616161145.394,-264
599616161153.0864,-250
599616161160.7787,-233
599616161168.4711,-235
599616161176.1633,-238
599616161183.8556,-230
599616161191.548,-218
599616161199.2402,-204
599616161206.9326,-189
599616161214.6249,-175
599616161222.3171,-161
599616161230.0095,-144
599616161237.7018,-125
599616161245.394,-108
599616161253.0864,-96
599616161260.7787,-91
599616161268.4711,-88
599616161276.1633,-96
599616161283.8556,-105
599616161291.548,-122
599616161299.2402,-151
599616161306.9326,-189
599616161314.6249,-230
599616161322.3171,-266
599616161330.0095,-295
599616161337.7018,-315
599616161345.394,-322
599616161353.0864,-322
599616161360.7787,-322
599616161368.4711,-317
599616161376.1633,-312
599616161383.8556,-312
599616161391.548,-307
599616161399.2402,-300
599616161406.9326,-300
599616161414.6249,-303
599616161422.3171,-300
599616161430.0095,-298
599616161437.7018,-295
599616161445.394,-293
599616161453.0864,-293
599616161460.7787,-295
599616161468.4711,-295
599616161476.1633,-293
599616161483.8556,-288
599616161491.548,-288
599616161499.2402,-290
599616161506.9326,-283
599616161514.6249,-281
599616161522.3171,-286
599616161530.0095,-290
599616161537.4198,-283
599616161545.112,-278
599616161552.8044,-278
599616161560.4967,-281
599616161568.1891,-278
599616161575.8813,-274
599616161583.5736,-274
599616161591.266,-274
599616161598.9583,-271
599616161606.6505,-271
599616161614.3429,-274
599616161622.0352,-269
599616161629.7275,-266
599616161637.4198,-266
599616161645.112,-264
599616161652.8044,-266
599616161660.4967,-274
599616161668.1891,-274
599616161675.8813,-269
599616161683.5736,-262
599616161691.266,-247
599616161698.9583,-240
599616161706.6505,-230
599616161714.3429,-230
599616161722.0352,-252
599616161729.7275,-264
599616161737.4198,-259
599616161745.112,-259
599616161752.8044,-259
599616161760.4967,-252
599616161768.1891,-252
599616161775.8813,-254
599616161783.5736,-252
599616161791.266,-274
599616161798.9583,-346
599616161806.6505,-341
599616161814.3429,-19
599616161822.0352,555
599616161829.7275,899
599616161837.4198,343
599616161845.112,-687
599616161852.8044,-810
599616161860.4967,-319
599616161868.1891,-281
599616161875.8813,-370
599616161883.5736,-264
599616161891.266,-245
599616161898.9583,-290
599616161906.6505,-259
599616161914.3429,-233
599616161922.0352,-250
599616161929.7275,-247
599616161937.4198,-228
599616161945.112,-226
599616161952.8044,-223
599616161960.4967,-216
599616161968.1891,-204
599616161975.8813,-192
599616161983.5736,-182
599616161991.266,-168
599616161998.9583,-151
599616162006.6505,-134
599616162014.3429,-117
599616162022.0352,-103
599616162029.7275,-91
599616162037.4198,-81
599616162045.112,-79
599616162052.8044,-86
599616162060.4967,-93
599616162068.1891,-105
599616162075.8813,-137
599616162083.5736,-177
599616162091.266,-216
599616162098.656,-250
599616162106.3483,-281
599616162114.0406,-295
599616162121.7329,-303
599616162129.4253,-307
599616162137.1176,-310
599616162144.8098,-312
599616162152.5022,-307
599616162160.1945,-298
599616162167.8867,-295
599616162175.5791,-298
599616162183.2714,-300
599616162190.9637,-300
599616162198.656,-298
599616162206.3483,-295
599616162214.0406,-290
599616162221.7329,-290
599616162229.4253,-288
599616162237.1176,-286
599616162244.8098,-286
599616162252.5022,-283
599616162260.1945,-283
599616162267.8867,-281
599616162275.5791,-281
599616162283.2714,-283
599616162290.9637,-283
599616162298.656,-278
599616162306.3483,-276
599616162314.0406,-276
599616162321.7329,-276
599616162329.4253,-281
599616162337.1176,-281
599616162344.8098,-271
599616162352.5022,-266
599616162360.1945,-269
599616162367.8867,-271
599616162375.5791,-269
599616162383.2714,-264
599616162390.9637,-262
599616162398.656,-264
599616162406.3483,-262
599616162414.0406,-259
599616162421.7329,-259
599616162429.4253,-257
599616162437.1176,-257
599616162444.8098,-257
599616162452.5022,-252
599616162460.1945,-252
599616162467.8867,-252
599616162475.5791,-252
599616162483.2714,-250
599616162490.9637,-250
599616162498.656,-254
599616162506.3483,-262
599616162514.0406,-262
599616162521.7329,-257
599616162529.4253,-245
599616162537.1176,-226
599616162544.8098,-216
599616162552.5022,-218
599616162560.1945,-221
599616162567.8867,-238
599616162575.5791,-254
599616162583.2714,-257
599616162590.9637,-257
599616162598.656,-257
599616162606.3483,-257
599616162614.0406,-254
599616162621.7329,-254
599616162629.4253,-254
599616162637.1176,-264
599616162644.8098,-324
599616162652.5022,-372
599616162659.9023,-168
599616162667.5946,348
599616162675.287,832
599616162682.9792,606
599616162690.6716,-408
599616162698.3639,-913
599616162706.0562,-480
599616162713.7485,-252
599616162721.4408,-375
599616162729.133,-315
599616162736.8254,-247
599616162744.5177,-293
599616162752.2101,-288
599616162759.9023,-247
599616162767.5946,-252
599616162775.287,-254
599616162782.9792,-240
599616162790.6716,-235
599616162798.3639,-233
599616162806.0562,-221
599616162813.7485,-214
599616162821.4408,-204
599616162829.133,-192
599616162836.8254,-180
599616162844.5177,-163
599616162852.2101,-141
599616162859.9023,-129
599616162867.5946,-115
599616162875.287,-101
599616162882.9792,-86
599616162890.6716,-84
599616162898.3639,-88
599616162906.0562,-96
599616162913.7485,-108
599616162921.4408,-127
599616162929.133,-158
599616162936.8254,-197
599616162944.5177,-238
599616162952.2101,-266
599616162959.9023,-288
599616162967.5946,-303
599616162975.287,-307
599616162982.9792,-312
599616162990.6716,-312
599616162998.3639,-315
599616163006.0562,-312
599616163013.7485,-307
599616163021.4408,-303
599616163029.133,-300
599616163036.8254,-295
599616163044.5177,-293
599616163052.2101,-295
599616163059.9023,-295
599616163067.5946,-295
599616163075.287,-293
599616163082.9792,-288
599616163090.6716,-286
599616163098.3639,-288
599616163106.0562,-286
599616163113.7485,-286
599616163121.4408,-288
599616163129.133,-283
599616163136.8254,-281
599616163144.5177,-283
599616163152.2101,-283
599616163159.9023,-283
599616163167.5946,-283
599616163175.287,-278
599616163182.9792,-278
599616163190.6716,-278
599616163198.3639,-281
599616163206.0562,-286
599616163213.7485,-278
599616163221.1284,-274
599616163228.8207,-276
599616163236.5131,-276
599616163244.2053,-274
599616163251.8977,-274
599616163259.59,-271
599616163267.2822,-269
599616163274.9746,-271
599616163282.6669,-266
599616163290.3591,-259
599616163298.0515,-262
599616163305.7438,-264
599616163313.4362,-259
599616163321.1284,-259
599616163328.8207,-264
599616163336.5131,-259
599616163344.2053,-254
599616163351.8977,-257
599616163359.59,-257
599616163367.2822,-254
599616163374.9746,-254
599616163382.6669,-262
599616163390.3591,-266
599616163398.0515,-262
599616163405.7438,-245
599616163413.4362,-223
599616163421.1284,-218
599616163428.8207,-221
599616163436.5131,-221
599616163444.2053,-235
599616163451.8977,-259
599616163459.59,-266
599616163467.2822,-259
599616163474.9746,-259
599616163482.6669,-264
599616163490.3591,-264
599616163498.0515,-266
599616163505.7438,-262
599616163513.4362,-264
599616163521.1284,-317
599616163528.8207,-377
599616163536.5131,-206
599616163544.2053,283
599616163551.8977,786
599616163559.59,634
599616163567.2822,-343
599616163574.9746,-918
599616163582.6669,-514
599616163590.3591,-254
599616163598.0515,-377
599616163605.7438,-322
599616163613.4362,-240
599616163621.1284,-288
599616163628.8207,-290
599616163636.5131,-250
599616163644.2053,-252
599616163651.8977,-259
599616163659.59,-250
599616163667.2822,-242
599616163674.9746,-235
599616163682.6669,-221
599616163690.3591,-211
599616163698.0515,-211
599616163705.7438,-204
599616163713.4362,-187
599616163721.1284,-165
599616163728.8207,-149
599616163736.5131,-137
599616163744.2053,-127
599616163751.8977,-115
599616163759.59,-103
599616163767.2822,-88
599616163774.9746,-91
599616163782.3799,-103
599616163790.0721,-113
599616163797.7645,-125
599616163805.4568,-163
599616163813.1492,-206
599616163820.8414,-238
599616163828.5337,-269
599616163836.2261,-298
599616163843.9183,-312
599616163851.6106,-315
599616163859.303,-317
599616163866.9952,-319
599616163874.6876,-322
599616163882.3799,-317
599616163890.0721,-307
599616163897.7645,-305
599616163905.4568,-300
599616163913.1492,-303
599616163920.8414,-307
599616163928.5337,-303
599616163936.2261,-293
599616163943.9183,-295
599616163951.6106,-295
599616163959.303,-293
599616163966.9952,-286
599616163974.6876,-288
599616163982.3799,-298
599616163990.0721,-300
599616163997.7645,-295
599616164005.4568,-293
599616164013.1492,-290
599616164020.8414,-288
599616164028.5337,-286
599616164036.2261,-290
599616164043.9183,-290
599616164051.6106,-288
599616164059.303,-293
599616164066.9952,-293
599616164074.6876,-286
599616164082.3799,-281
599616164090.0721,-283
599616164097.7645,-278
599616164105.4568,-276
599616164113.1492,-286
599616164120.8414,-283
599616164128.5337,-278
599616164136.2261,-281
599616164143.9183,-283
599616164151.6106,-278
599616164159.303,-278
599616164166.9952,-276
599616164174.6876,-274
599616164182.3799,-281
599616164190.0721,-278
599616164197.7645,-271
599616164205.4568,-278
599616164213.1492,-288
599616164220.8414,-281
599616164228.5337,-278
599616164236.2261,-283
599616164243.9183,-278
599616164251.6106,-278
599616164259.303,-276
599616164266.9952,-254
599616164274.6876,-238
599616164282.3799,-240
599616164290.0721,-238
599616164297.7645,-242
599616164305.4568,-281
599616164313.1492,-298
599616164320.8414,-281
599616164328.5337,-276
599616164336.2261,-276
599616164343.611,-271
599616164351.3032,-278
599616164358.9956,-288
599616164366.6879,-288
599616164374.3802,-329
599616164382.0725,-379
599616164389.7648,-214
599616164397.4572,266
599616164405.1494,781
599616164412.8417,625
599616164420.534,-399
599616164428.2263,-969
599616164435.9187,-526
599616164443.611,-276
599616164451.3032,-413
599616164458.9956,-334
599616164466.6879,-240
599616164474.3802,-300
599616164482.0725,-305
599616164489.7648,-262
599616164497.4572,-266
599616164505.1494,-264
599616164512.8417,-242
599616164520.534,-245
599616164528.2263,-242
599616164535.9187,-230
599616164543.611,-218
599616164551.3032,-204
599616164558.9956,-187
599616164566.6879,-185
599616164574.3802,-173
599616164582.0725,-149
599616164589.7648,-134
599616164597.4572,-120
599616164605.1494,-101
599616164612.8417,-93
599616164620.534,-88
599616164628.2263,-88
599616164635.9187,-93
599616164643.611,-101
599616164651.3032,-129
599616164658.9956,-173
599616164666.6879,-214
599616164674.3802,-252
599616164682.0725,-293
599616164689.7648,-317
599616164697.4572,-334
599616164705.1494,-346
599616164712.8417,-348
599616164720.534,-346
599616164728.2263,-343
599616164735.9187,-341
599616164743.611,-341
599616164751.3032,-334
599616164758.9956,-322
599616164766.6879,-319
599616164774.3802,-322
599616164782.0725,-317
599616164789.7648,-315
599616164797.4572,-310
599616164805.1494,-303
599616164812.8417,-305
599616164820.534,-315
599616164828.2263,-310
599616164835.9187,-295
599616164843.611,-295
599616164851.3032,-305
599616164858.9956,-303
599616164866.6879,-293
599616164874.3802,-293
599616164882.0725,-298
599616164889.7648,-300
599616164897.4572,-307
599616164904.8522,-310
599616164912.5444,-300
599616164920.2368,-290
599616164927.9291,-293
599616164935.6215,-295
599616164943.3137,-293
599616164951.006,-288
599616164958.6984,-290
599616164966.3906,-290
599616164974.0829,-290
599616164981.7753,-295
599616164989.4675,-290
599616164997.1599,-286
599616165004.8522,-288
599616165012.5444,-276
599616165020.2368,-271
599616165027.9291,-286
599616165035.6215,-288
599616165043.3137,-276
599616165051.006,-278
599616165058.6984,-286
599616165066.3906,-288
599616165074.0829,-295
599616165081.7753,-283
599616165089.4675,-257
599616165097.1599,-245
599616165104.8522,-250
599616165112.5444,-245
599616165120.2368,-252
599616165127.9291,-278
599616165135.6215,-288
599616165143.3137,-276
599616165151.006,-281
599616165158.6984,-293
599616165166.3906,-283
599616165174.0829,-269
599616165181.7753,-274
599616165189.4675,-295
599616165197.1599,-343
599616165204.8522,-382
599616165212.5444,-192
599616165220.2368,317
599616165227.9291,829
599616165235.6215,569
599616165243.3137,-514
599616165251.006,-971
599616165258.6984,-476
599616165266.3906,-290
599616165274.0829,-428
599616165281.7753,-322
599616165289.4675,-245
599616165297.1599,-307
599616165304.8522,-293
599616165312.5444,-252
599616165320.2368,-266
599616165327.9291,-262
599616165335.6215,-240
599616165343.3137,-242
599616165351.006,-242
599616165358.6984,-223
599616165366.3906,-209
599616165374.0829,-202
599616165381.7753,-189
599616165389.4675,-180
599616165397.1599,-170
599616165404.8522,-156
599616165412.5444,-132
599616165420.2368,-110
599616165427.9291,-98
599616165435.6215,-81
599616165443.3137,-69
599616165451.006,-76
599616165458.6984,-88
599616165466.0936,-101
599616165473.7859,-137
599616165481.4783,-175
599616165489.1705,-211
599616165496.8629,-247
599616165504.5552,-288
599616165512.2474,-322
599616165519.9398,-341
599616165527.6321,-351
599616165535.3243,-348
599616165543.0167,-339
599616165550.709,-336
599616165558.4014,-334
599616165566.0936,-327
599616165573.7859,-329
599616165581.4783,-329
599616165589.1705,-322
599616165596.8629,-310
599616165604.5552,-312
599616165612.2474,-319
599616165619.9398,-317
599616165627.6321,-315
599616165635.3243,-307
599616165643.0167,-295
599616165650.709,-303
599616165658.4014,-317
599616165666.0936,-312
599616165673.7859,-305
599616165681.4783,-303
599616165689.1705,-305
599616165696.8629,-303
599616165704.5552,-298
599616165712.2474,-303
599616165719.9398,-307
599616165727.6321,-305
599616165735.3243,-305
599616165743.0167,-305
599616165750.709,-298
599616165758.4014,-293
599616165766.0936,-290
599616165773.7859,-281
599616165781.4783,-283
599616165789.1705,-298
599616165796.8629,-298
599616165804.5552,-281
599616165812.2474,-278
599616165819.9398,-286
599616165827.6321,-286
599616165835.3243,-293
599616165843.0167,-293
599616165850.709,-274
599616165858.4014,-252
599616165866.0936,-235
599616165873.7859,-238
599616165881.4783,-247
599616165889.1705,-254
599616165896.8629,-276
599616165904.5552,-293
599616165912.2474,-286
599616165919.9398,-283
599616165927.6321,-283
599616165935.3243,-283
599616165943.0167,-274
599616165950.709,-271
599616165958.4014,-290
599616165966.0936,-346
599616165973.7859,-391
599616165981.4783,-240
599616165989.1705,242
599616165996.8629,798
599616166004.5552,680
599616166012.2474,-353
599616166019.9398,-983
599616166027.3196,-553
599616166035.0118,-264
599616166042.7042,-401
599616166050.3965,-343
599616166058.0889,-245
599616166065.7811,-295
599616166073.4734,-298
599616166081.1658,-252
599616166088.858,-262
599616166096.5503,-266
599616166104.2427,-240
599616166111.9349,-230
599616166119.6273,-235
599616166127.3196,-223
599616166135.0118,-209
599616166142.7042,-199
599616166150.3965,-189
599616166158.0889,-173
599616166165.7811,-161
599616166173.4734,-149
599616166181.1658,-129
599616166188.858,-101
599616166196.5503,-84
599616166204.2427,-79
599616166211.9349,-72
599616166219.6273,-64
599616166227.3196,-69
599616166235.0118,-91
599616166242.7042,-125
599616166250.3965,-165
599616166258.0889,-204
599616166265.7811,-247
599616166273.4734,-288
599616166281.1658,-315
599616166288.858,-331
599616166296.5503,-336
599616166304.2427,-329
599616166311.9349,-327
599616166319.6273,-336
599616166327.3196,-336
599616166335.0118,-334
599616166342.7042,-324
599616166350.3965,-307
599616166358.0889,-303
599616166365.7811,-310
599616166373.4734,-312
599616166381.1658,-305
599616166388.858,-303
599616166396.5503,-300
599616166404.2427,-295
599616166411.9349,-295
599616166419.6273,-298
599616166427.3196,-295
599616166435.0118,-293
599616166442.7042,-293
599616166450.3965,-295
599616166458.0889,-295
599616166465.7811,-293
599616166473.4734,-293
599616166481.1658,-290
599616166488.858,-288
599616166496.5503,-286
599616166504.2427,-290
599616166511.9349,-290
599616166519.6273,-283
599616166527.3196,-278
599616166535.0118,-286
599616166542.7042,-288
599616166550.3965,-278
599616166558.0889,-278
599616166565.7811,-281
599616166573.4734,-274
599616166581.1658,-274
599616166588.5762,-283
599616166596.2684,-290
599616166603.9608,-274
599616166611.6531,-238
599616166619.3455,-216
599616166627.0377,-226
599616166634.73,-240
599616166642.4224,-242
599616166650.1146,-266
599616166657.8069,-283
599616166665.4993,-276
599616166673.1915,-271
599616166680.8839,-269
599616166688.5762,-269
599616166696.2684,-274
599616166703.9608,-274
599616166711.6531,-278
599616166719.3455,-324
599616166727.0377,-379
599616166734.73,-230
599616166742.4224,254
599616166750.1146,808
599616166757.8069,694
599616166765.4993,-329
599616166773.1915,-964
599616166780.8839,-548
599616166788.5762,-262
599616166796.2684,-394
599616166803.9608,-329
599616166811.6531,-228
599616166819.3455,-278
599616166827.0377,-288
599616166834.73,-245
599616166842.4224,-245
599616166850.1146,-252
599616166857.8069,-235
599616166865.4993,-226
599616166873.1915,-223
599616166880.8839,-211
599616166888.5762,-199
599616166896.2684,-189
599616166903.9608,-177
599616166911.6531,-158
599616166919.3455,-144
599616166927.0377,-127
599616166934.73,-113
599616166942.4224,-98
599616166950.1146,-79
599616166957.8069,-60
599616166965.4993,-52
599616166973.1915,-55
599616166980.8839,-62
599616166988.5762,-76
599616166996.2684,-105
599616167003.9608,-146
599616167011.6531,-189
599616167019.3455,-226
599616167027.0377,-262
599616167034.73,-293
599616167042.4224,-305
599616167050.1146,-305
599616167057.8069,-310
599616167065.4993,-305
599616167073.1915,-300
599616167080.8839,-303
599616167088.5762,-300
599616167096.2684,-290
599616167103.9608,-283
599616167111.6531,-281
599616167119.3455,-281
599616167127.0377,-283
599616167134.73,-281
599616167142.4224,-276
599616167149.8021,-274
599616167157.4944,-274
599616167165.1868,-274
599616167172.879,-269
599616167180.5714,-269
599616167188.2637,-271
599616167195.9559,-269
599616167203.6483,-266
599616167211.3406,-266
599616167219.0328,-266
599616167226.7252,-266
599616167234.4175,-269
599616167242.1099,-271
599616167249.8021,-271
599616167257.4944,-266
599616167265.1868,-262
599616167272.879,-264
599616167280.5714,-264
599616167288.2637,-257
599616167295.9559,-254
599616167303.6483,-257
599616167311.3406,-254
599616167319.0328,-252
599616167326.7252,-250
599616167334.4175,-247
599616167342.1099,-245
599616167349.8021,-250
599616167357.4944,-257
599616167365.1868,-262
599616167372.879,-242
599616167380.5714,-204
599616167388.2637,-182
599616167395.9559,-199
599616167403.6483,-223
599616167411.3406,-228
599616167419.0328,-238
599616167426.7252,-257
599616167434.4175,-259
599616167442.1099,-257
599616167449.8021,-257
599616167457.4944,-257
599616167465.1868,-254
599616167472.879,-252
599616167480.5714,-254
599616167488.2637,-283
599616167495.9559,-355
599616167503.6483,-334
599616167511.3406,4
599616167519.0328,586
599616167526.7252,894
599616167534.4175,274
599616167542.1099,-747
599616167549.8021,-805
599616167557.4944,-312
599616167565.1868,-295
599616167572.879,-370
599616167580.5714,-262
599616167588.2637,-252
599616167595.9559,-293
599616167603.6483,-257
599616167611.3406,-235
599616167619.0328,-247
599616167626.7252,-240
599616167634.4175,-226
599616167642.1099,-223
599616167649.8021,-216
599616167657.4944,-204
599616167665.1868,-197
599616167672.879,-192
599616167680.5714,-180
599616167688.2637,-163
599616167695.9559,-144
599616167703.6483,-127
599616167711.0485,-108
599616167718.7407,-91
599616167726.4331,-79
599616167734.1254,-69
599616167741.8177,-67
599616167749.51,-74
599616167757.2023,-81
599616167764.8947,-96
599616167772.5869,-129
599616167780.2792,-170
599616167787.9716,-211
599616167795.6638,-245
599616167803.3562,-274
599616167811.0485,-293
599616167818.7407,-305
599616167826.4331,-305
599616167834.1254,-300
599616167841.8177,-298
599616167849.51,-295
599616167857.2023,-293
599616167864.8947,-293
599616167872.5869,-283
599616167880.2792,-278
599616167887.9716,-281
599616167895.6638,-283
599616167903.3562,-278
599616167911.0485,-276
599616167918.7407,-276
599616167926.4331,-276
599616167934.1254,-278
599616167941.8177,-276
599616167949.51,-278
599616167957.2023,-278
599616167964.8947,-274
599616167972.5869,-269
599616167980.2792,-269
599616167987.9716,-271
599616167995.6638,-271
599616168003.3562,-274
599616168011.0485,-271
599616168018.7407,-269
599616168026.4331,-266
599616168034.1254,-264
599616168041.8177,-266
599616168049.51,-264
599616168057.2023,-264
599616168064.8947,-264
599616168072.5869,-262
599616168080.2792,-257
599616168087.9716,-257
599616168095.6638,-257
599616168103.3562,-254
599616168111.0485,-254
599616168118.7407,-257
599616168126.4331,-259
599616168134.1254,-262
599616168141.8177,-259
599616168149.51,-242
599616168157.2023,-211
599616168164.8947,-192
599616168172.5869,-206
599616168180.2792,-230
599616168187.9716,-228
599616168195.6638,-233
599616168203.3562,-259
599616168211.0485,-274
599616168218.7407,-266
599616168226.4331,-259
599616168234.1254,-259
599616168241.8177,-262
599616168249.51,-269
599616168257.2023,-266
599616168264.8947,-278
599616168272.2847,-346
599616168279.9769,-365
599616168287.6693,-93
599616168295.3616,452
599616168303.054,848
599616168310.7462,428
599616168318.4385,-601
599616168326.1309,-870
599616168333.8231,-387
599616168341.5154,-276
599616168349.2078,-382
599616168356.9,-288
599616168364.5924,-250
599616168372.2847,-295
599616168379.9769,-271
599616168387.6693,-245
599616168395.3616,-254
599616168403.054,-252
599616168410.7462,-238
599616168418.4385,-235
599616168426.1309,-230
599616168433.8231,-221
599616168441.5154,-214
599616168449.2078,-204
599616168456.9,-189
599616168464.5924,-173
599616168472.2847,-156
599616168479.9769,-139
599616168487.6693,-125
599616168495.3616,-108
599616168503.054,-91
599616168510.7462,-79
599616168518.4385,-76
599616168526.1309,-76
599616168533.8231,-81
599616168541.5154,-96
599616168549.2078,-122
599616168556.9,-163
599616168564.5924,-202
599616168572.2847,-240
599616168579.9769,-269
599616168587.6693,-288
599616168595.3616,-298
599616168603.054,-305
599616168610.7462,-307
599616168618.4385,-303
599616168626.1309,-298
599616168633.8231,-295
599616168641.5154,-295
599616168649.2078,-293
599616168656.9,-290
599616168664.5924,-288
599616168672.2847,-290
599616168679.9769,-288
599616168687.6693,-283
599616168695.3616,-283
599616168703.054,-286
599616168710.7462,-286
599616168718.4385,-281
599616168726.1309,-278
599616168733.8231,-283
599616168741.5154,-286
599616168749.2078,-288
599616168756.9,-288
599616168764.5924,-283
599616168772.2847,-278
599616168779.9769,-278
599616168787.6693,-281
599616168795.3616,-278
599616168803.054,-278
599616168810.7462,-278
599616168818.4385,-276
599616168826.1309,-271
599616168833.5413,-271
599616168841.2335,-271
599616168848.9259,-271
599616168856.6182,-269
599616168864.3105,-262
599616168872.0028,-264
599616168879.6951,-269
599616168887.3875,-262
599616168895.0797,-259
599616168902.772,-262
599616168910.4644,-269
599616168918.1566,-274
599616168925.849,-276
599616168933.5413,-262
599616168941.2335,-230
599616168948.9259,-202
599616168956.6182,-204
599616168964.3105,-226
599616168972.0028,-235
599616168979.6951,-235
599616168987.3875,-254
599616168995.0797,-274
599616169002.772,-269
599616169010.4644,-266
599616169018.1566,-269
599616169025.849,-266
599616169033.5413,-262
599616169041.2335,-259
599616169048.9259,-269
599616169056.6182,-327
599616169064.3105,-382
599616169072.0028,-197
599616169079.6951,303
599616169087.3875,786
599616169095.0797,584
599616169102.772,-404
599616169110.4644,-923
599616169118.1566,-497
599616169125.849,-252
599616169133.5413,-375
599616169141.2335,-315
599616169148.9259,-240
599616169156.6182,-286
599616169164.3105,-283
599616169172.0028,-245
599616169179.6951,-254
599616169187.3875,-257
599616169195.0797,-235
599616169202.772,-228
599616169210.4644,-226
599616169218.1566,-218
599616169225.849,-206
599616169233.5413,-199
599616169241.2335,-187
599616169248.9259,-173
599616169256.6182,-163
599616169264.3105,-153
599616169272.0028,-137
599616169279.6951,-115
599616169287.3875,-101
599616169295.0797,-88
599616169302.772,-81
599616169310.4644,-86
599616169318.1566,-93
599616169325.849,-105
599616169333.5413,-127
599616169341.2335,-156
599616169348.9259,-194
599616169356.6182,-235
599616169364.3105,-269
599616169372.0028,-290
599616169379.6951,-300
599616169387.3875,-312
599616169394.7723,-317
599616169402.4646,-315
599616169410.157,-312
599616169417.8492,-307
599616169425.5416,-303
599616169433.2339,-303
599616169440.9261,-305
599616169448.6185,-303
599616169456.3108,-293
599616169464.003,-288
599616169471.6954,-290
599616169479.3877,-290
599616169487.0801,-290
599616169494.7723,-288
599616169502.4646,-286
599616169510.157,-288
599616169517.8492,-288
599616169525.5416,-288
599616169533.2339,-283
599616169540.9261,-281
599616169548.6185,-286
599616169556.3108,-290
599616169564.003,-286
599616169571.6954,-281
599616169579.3877,-283
599616169587.0801,-286
599616169594.7723,-281
599616169602.4646,-278
599616169610.157,-281
599616169617.8492,-283
599616169625.5416,-278
599616169633.2339,-274
599616169640.9261,-276
599616169648.6185,-274
599616169656.3108,-274
599616169664.003,-274
599616169671.6954,-271
599616169679.3877,-266
599616169687.0801,-269
599616169694.7723,-271
599616169702.4646,-276
599616169710.157,-278
599616169717.8492,-257
599616169725.5416,-214
599616169733.2339,-197
599616169740.9261,-218
599616169748.6185,-238
599616169756.3108,-238
599616169764.003,-250
599616169771.6954,-276
599616169779.3877,-283
599616169787.0801,-274
599616169794.7723,-271
599616169802.4646,-274
599616169810.157,-266
599616169817.8492,-264
599616169825.5416,-269
599616169833.2339,-290
599616169840.9261,-355
599616169848.6185,-346
599616169856.3108,-38
599616169864.003,505
599616169871.6954,800
599616169879.3877,221
599616169887.0801,-757
599616169894.7723,-817
599616169902.4646,-341
599616169910.157,-319
599616169917.8492,-382
599616169925.5416,-266
599616169933.2339,-259
599616169940.9261,-303
599616169948.6185,-264
599616169956.0238,-245
599616169963.7161,-264
599616169971.4084,-254
599616169979.1007,-235
599616169986.7931,-233
599616169994.4854,-230
599616170002.1776,-221
599616170009.87,-214
599616170017.5623,-204
599616170025.2545,-197
599616170032.9469,-180
599616170040.6392,-163
599616170048.3315,-151
599616170056.0238,-134
599616170063.7161,-115
599616170071.4084,-108
599616170079.1007,-103
599616170086.7931,-93
599616170094.4854,-96
599616170102.1776,-105
599616170109.87,-125
599616170117.5623,-151
599616170125.2545,-185
599616170132.9469,-226
599616170140.6392,-271
599616170148.3315,-298
599616170156.0238,-312
599616170163.7161,-322
599616170171.4084,-331
599616170179.1007,-331
599616170186.7931,-331
599616170194.4854,-327
599616170202.1776,-324
599616170209.87,-324
599616170217.5623,-319
599616170225.2545,-312
599616170232.9469,-310
599616170240.6392,-307
599616170248.3315,-307
599616170256.0238,-307
599616170263.7161,-307
599616170271.4084,-312
599616170279.1007,-310
599616170286.7931,-300
599616170294.4854,-305
599616170302.1776,-310
599616170309.87,-300
599616170317.5623,-300
599616170325.2545,-307
599616170332.9469,-307
599616170340.6392,-310
599616170348.3315,-305
599616170356.0238,-295
599616170363.7161,-298
599616170371.4084,-300
599616170379.1007,-298
599616170386.7931,-295
599616170394.4854,-303
599616170402.1776,-307
599616170409.87,-303
599616170417.5623,-295
599616170425.2545,-295
599616170432.9469,-290
599616170440.6392,-286
599616170448.3315,-293
599616170456.0238,-295
599616170463.7161,-293
599616170471.4084,-303
599616170479.1007,-298
599616170486.7931,-257
599616170494.4854,-221
599616170502.1776,-228
599616170509.87,-250
599616170517.2498,-250
599616170524.942,-252
599616170532.6344,-278
599616170540.3267,-300
599616170548.019,-295
599616170555.7113,-288
599616170563.4036,-298
599616170571.096,-298
599616170578.7882,-286
599616170586.4805,-286
599616170594.1729,-300
599616170601.8651,-336
599616170609.5575,-391
599616170617.2498,-264
599616170624.942,197
599616170632.6344,735
599616170640.3267,637
599616170648.019,-358
599616170655.7113,-990
599616170663.4036,-584
599616170671.096,-295
599616170678.7882,-420
599616170686.4805,-355
599616170694.1729,-252
599616170701.8651,-298
599616170709.5575,-303
599616170717.2498,-262
599616170724.942,-264
599616170732.6344,-259
599616170740.3267,-238
599616170748.019,-242
599616170755.7113,-245
599616170763.4036,-230
599616170771.096,-223
599616170778.7882,-226
599616170786.4805,-209
599616170794.1729,-185
599616170801.8651,-175
599616170809.5575,-165
599616170817.2498,-141
599616170824.942,-120
599616170832.6344,-115
599616170840.3267,-101
599616170848.019,-86
599616170855.7113,-91
599616170863.4036,-103
599616170871.096,-113
599616170878.7882,-137
599616170886.4805,-170
599616170894.1729,-214
599616170901.8651,-262
599616170909.5575,-298
599616170917.2498,-319
599616170924.942,-346
599616170932.6344,-360
599616170940.3267,-343
599616170948.019,-339
599616170955.7113,-353
599616170963.4036,-353
599616170971.096,-331
599616170978.7882,-322
599616170986.4805,-329
599616170994.1729,-327
599616171001.8651,-315
599616171009.5575,-319
599616171017.2498,-317
599616171024.942,-305
599616171032.6344,-305
599616171040.3267,-312
599616171048.019,-310
599616171055.7113,-305
599616171063.4036,-305
599616171071.096,-307
599616171078.4758,-315
599616171086.1681,-315
599616171093.8605,-300
599616171101.5527,-298
599616171109.2451,-305
599616171116.9374,-300
599616171124.6296,-298
599616171132.322,-307
599616171140.0143,-312
599616171147.7065,-315
599616171155.3989,-312
599616171163.0912,-300
599616171170.7836,-295
599616171178.4758,-300
599616171186.1681,-305
599616171193.8605,-310
599616171201.5527,-288
599616171209.2451,-252
599616171216.9374,-233
599616171224.6296,-245
599616171232.322,-259
599616171240.0143,-264
599616171247.7065,-269
599616171255.3989,-290
599616171263.0912,-300
599616171270.7836,-298
599616171278.4758,-300
599616171286.1681,-303
599616171293.8605,-293
599616171301.5527,-286
599616171309.2451,-290
599616171316.9374,-312
599616171324.6296,-375
599616171332.322,-396
599616171340.0143,-149
599616171347.7065,391
599616171355.3989,829
599616171363.0912,394
599616171370.7836,-694
599616171378.4758,-947
599616171386.1681,-420
599616171393.8605,-324
599616171401.5527,-428
599616171409.2451,-300
599616171416.9374,-257
599616171424.6296,-322
599616171432.322,-288
599616171440.0143,-242
599616171447.7065,-262
599616171455.3989,-266
599616171463.0912,-245
599616171470.7836,-230
599616171478.4758,-228
599616171486.1681,-223
599616171493.8605,-214
599616171501.5527,-204
599616171509.2451,-187
599616171516.9374,-165
599616171524.6296,-156
599616171532.322,-146
599616171540.0143,-122
599616171547.7065,-108
599616171555.3989,-101
599616171563.0912,-81
599616171570.7836,-74
599616171578.4758,-84
599616171586.1681,-93
599616171593.8605,-103
599616171601.5527,-139
599616171609.2451,-182
599616171616.9374,-223
599616171624.6296,-269
599616171632.322,-307
599616171639.7172,-322
599616171647.4094,-329
599616171655.1018,-336
599616171662.7941,-341
599616171670.4865,-341
599616171678.1787,-336
599616171685.871,-324
599616171693.5634,-319
599616171701.2556,-319
599616171708.9479,-319
599616171716.6403,-310
599616171724.3325,-303
599616171732.0249,-307
599616171739.7172,-310
599616171747.4094,-303
599616171755.1018,-300
599616171762.7941,-298
599616171770.4865,-300
599616171778.1787,-300
599616171785.871,-305
599616171793.5634,-305
599616171801.2556,-298
599616171808.9479,-295
599616171816.6403,-298
599616171824.3325,-295
599616171832.0249,-293
599616171839.7172,-290
599616171847.4094,-290
599616171855.1018,-286
599616171862.7941,-286
599616171870.4865,-288
599616171878.1787,-286
599616171885.871,-283
599616171893.5634,-276
599616171901.2556,-276
599616171908.9479,-281
599616171916.6403,-286
599616171924.3325,-281
599616171932.0249,-254
599616171939.7172,-221
599616171947.4094,-206
599616171955.1018,-223
599616171962.7941,-242
599616171970.4865,-242
599616171978.1787,-245
599616171985.871,-264
599616171993.5634,-278
599616172001.2556,-274
599616172008.9479,-264
599616172016.6403,-264
599616172024.3325,-269
599616172032.0249,-264
599616172039.7172,-262
599616172047.4094,-286
599616172055.1018,-358
599616172062.7941,-355
599616172070.4865,-52
599616172078.1787,512
599616172085.871,872
599616172093.5634,324
599616172101.2556,-733
599616172108.9479,-865
599616172116.6403,-353
599616172124.3325,-303
599616172132.0249,-387
599616172139.7172,-269
599616172147.4094,-247
599616172155.1018,-298
599616172162.7941,-269
599616172170.4865,-242
599616172178.1787,-254
599616172185.871,-242
599616172193.5634,-226
599616172200.9584,-226
599616172208.6506,-221
599616172216.343,-206
599616172224.0353,-197
599616172231.7277,-182
599616172239.4199,-170
599616172247.1122,-161
599616172254.8046,-144
599616172262.4968,-129
599616172270.1891,-125
599616172277.8815,-105
599616172285.5737,-84
599616172293.2661,-84
599616172300.9584,-79
599616172308.6506,-69
599616172316.343,-72
599616172324.0353,-86
599616172331.7277,-125
599616172339.4199,-187
599616172347.1122,-230
599616172354.8046,-259
599616172362.4968,-290
599616172370.1891,-307
599616172377.8815,-312
599616172385.5737,-317
599616172393.2661,-315
599616172400.9584,-305
599616172408.6506,-300
599616172416.343,-298
599616172424.0353,-293
599616172431.7277,-283
599616172439.4199,-281
599616172447.1122,-283
599616172454.8046,-281
599616172462.4968,-276
599616172470.1891,-281
599616172477.8815,-281
599616172485.5737,-274
599616172493.2661,-266
599616172500.9584,-262
599616172508.6506,-271
599616172516.343,-278
599616172524.0353,-271
599616172531.7277,-269
599616172539.4199,-269
599616172547.1122,-264
599616172554.8046,-262
599616172562.4968,-264
599616172570.1891,-269
599616172577.8815,-264
599616172585.5737,-259
599616172593.2661,-266
599616172600.9584,-266
599616172608.6506,-264
599616172616.343,-264
599616172624.0353,-259
599616172631.7277,-264
599616172639.4199,-271
599616172647.1122,-264
599616172654.8046,-235
599616172662.4968,-197
599616172670.1891,-192
599616172677.8815,-211
599616172685.5737,-218
599616172693.2661,-216
599616172700.9584,-238
599616172708.6506,-254
599616172716.343,-247
599616172724.0353,-247
599616172731.7277,-264
599616172739.4199,-257
599616172747.1122,-240
599616172754.8046,-245
599616172762.1895,-259
599616172769.8817,-298
599616172777.5741,-360
599616172785.2664,-250
599616172792.9587,202
599616172800.651,752
599616172808.3433,755
599616172816.0356,-156
599616172823.7279,-923
599616172831.4202,-625
599616172839.1125,-252
599616172846.8048,-351
599616172854.4972,-334
599616172862.1895,-230
599616172869.8817,-262
599616172877.5741,-266
599616172885.2664,-218
599616172892.9587,-238
599616172900.651,-266
599616172908.3433,-240
599616172916.0356,-218
599616172923.7279,-223
599616172931.4202,-214
599616172939.1125,-197
599616172946.8048,-187
599616172954.4972,-177
599616172962.1895,-161
599616172969.8817,-144
599616172977.5741,-137
599616172985.2664,-129
599616172992.9587,-98
599616173000.651,-67
599616173008.3433,-64
599616173016.0356,-69
599616173023.7279,-64
599616173031.4202,-67
599616173039.1125,-84
599616173046.8048,-105
599616173054.4972,-137
599616173062.1895,-175
599616173069.8817,-223
599616173077.5741,-269
599616173085.2664,-283
599616173092.9587,-288
599616173100.651,-303
599616173108.3433,-310
599616173116.0356,-303
599616173123.7279,-298
599616173131.4202,-303
599616173139.1125,-298
599616173146.8048,-290
599616173154.4972,-290
599616173162.1895,-293
599616173169.8817,-288
599616173177.5741,-283
599616173185.2664,-290
599616173192.9587,-290
599616173200.651,-283
599616173208.3433,-283
599616173216.0356,-290
599616173223.7279,-290
599616173231.4202,-286
599616173239.1125,-278
599616173246.8048,-278
599616173254.4972,-288
599616173262.1895,-290
599616173269.8817,-288
599616173277.5741,-288
599616173285.2664,-286
599616173292.9587,-286
599616173300.651,-288
599616173308.3433,-286
599616173316.0356,-278
599616173323.4409,-274
599616173331.1332,-274
599616173338.8256,-274
599616173346.5178,-286
599616173354.2102,-293
599616173361.9025,-276
599616173369.5947,-247
599616173377.2871,-223
599616173384.9794,-216
599616173392.6716,-230
599616173400.364,-240
599616173408.0563,-240
599616173415.7487,-250
599616173423.4409,-266
599616173431.1332,-269
599616173438.8256,-264
599616173446.5178,-262
599616173454.2102,-262
599616173461.9025,-257
599616173469.5947,-252
599616173477.2871,-262
599616173484.9794,-312
599616173492.6716,-379
599616173500.364,-276
599616173508.0563,161
599616173515.7487,711
599616173523.4409,750
599616173531.1332,-122
599616173538.8256,-901
599616173546.5178,-630
599616173554.2102,-254
599616173561.9025,-348
599616173569.5947,-339
599616173577.2871,-235
599616173584.9794,-269
599616173592.6716,-283
599616173600.364,-238
599616173608.0563,-235
599616173615.7487,-247
599616173623.4409,-228
599616173631.1332,-214
599616173638.8256,-216
599616173646.5178,-204
599616173654.2102,-192
599616173661.9025,-185
599616173669.5947,-177
599616173677.2871,-170
599616173684.9794,-153
599616173692.6716,-134
599616173700.364,-120
599616173708.0563,-105
599616173715.7487,-91
599616173723.4409,-81
599616173731.1332,-76
599616173738.8256,-74
599616173746.5178,-81
599616173754.2102,-93
599616173761.9025,-115
599616173769.5947,-146
599616173777.2871,-182
599616173784.9794,-221
599616173792.6716,-257
599616173800.364,-290
599616173808.0563,-305
599616173815.7487,-303
599616173823.4409,-303
599616173831.1332,-305
599616173838.8256,-305
599616173846.5178,-300
599616173854.2102,-290
599616173861.9025,-283
599616173869.5947,-290
599616173877.2871,-293
599616173884.6669,-283
599616173892.3591,-281
599616173900.0515,-286
599616173907.7438,-281
599616173915.4362,-274
599616173923.1284,-278
599616173930.8207,-281
599616173938.5131,-281
599616173946.2053,-281
599616173953.8976,-283
599616173961.59,-283
599616173969.2822,-278
599616173976.9746,-283
599616173984.6669,-286
599616173992.3591,-283
599616174000.0515,-283
599616174007.7438,-283
599616174015.4362,-283
599616174023.1284,-281
599616174030.8207,-281
599616174038.5131,-281
599616174046.2053,-276
599616174053.8976,-276
599616174061.59,-283
599616174069.2822,-290
599616174076.9746,-278
599616174084.6669,-247
599616174092.3591,-216
599616174100.0515,-214
599616174107.7438,-230
599616174115.4362,-240
599616174123.1284,-240
599616174130.8207,-259
599616174138.5131,-274
599616174146.2053,-269
599616174153.8976,-264
599616174161.59,-262
599616174169.2822,-259
599616174176.9746,-262
599616174184.6669,-266
599616174192.3591,-274
599616174200.0515,-322
599616174207.7438,-377
599616174215.4362,-204
599616174223.1284,290
599616174230.8207,774
599616174238.5131,577
599616174246.2053,-394
599616174253.8976,-901
599616174261.59,-490
599616174269.2822,-254
599616174276.9746,-372
599616174284.6669,-310
599616174292.3591,-238
599616174300.0515,-286
599616174307.7438,-281
599616174315.4362,-240
599616174323.1284,-245
599616174330.8207,-250
599616174338.5131,-230
599616174346.2053,-221
599616174353.8976,-218
599616174361.59,-209
599616174369.2822,-202
599616174376.9746,-192
599616174384.6669,-177
599616174392.3591,-163
599616174400.0515,-149
599616174407.7438,-134
599616174415.4362,-120
599616174423.1284,-105
599616174430.8207,-91
599616174438.5131,-81
599616174445.9133,-79
599616174453.6056,-81
599616174461.298,-88
599616174468.9902,-101
599616174476.6826,-122
599616174484.3749,-153
599616174492.0671,-189
599616174499.7595,-228
599616174507.4518,-259
599616174515.144,-281
599616174522.8364,-295
599616174530.5287,-303
599616174538.2211,-303
599616174545.9133,-303
599616174553.6056,-300
599616174561.298,-293
599616174568.9902,-288
599616174576.6826,-290
599616174584.3749,-288
599616174592.0671,-283
599616174599.7595,-283
599616174607.4518,-283
599616174615.144,-281
599616174622.8364,-281
599616174630.5287,-278
599616174638.2211,-278
599616174645.9133,-283
599616174653.6056,-286
599616174661.298,-286
599616174668.9902,-286
599616174676.6826,-288
599616174684.3749,-286
599616174692.0671,-286
599616174699.7595,-286
599616174707.4518,-286
599616174715.144,-288
599616174722.8364,-286
599616174730.5287,-283
599616174738.2211,-283
599616174745.9133,-283
599616174753.6056,-283
599616174761.298,-281
599616174768.9902,-283
599616174776.6826,-290
599616174784.3749,-290
599616174792.0671,-278
599616174799.7595,-252
599616174807.4518,-226
599616174815.144,-221
599616174822.8364,-238
599616174830.5287,-247
599616174838.2211,-247
599616174845.9133,-266
599616174853.6056,-286
599616174861.298,-281
599616174868.9902,-271
599616174876.6826,-274
599616174884.3749,-271
599616174892.0671,-266
599616174899.7595,-266
599616174907.4518,-276
599616174915.144,-334
599616174922.8364,-377
599616174930.5287,-168
599616174938.2211,341
599616174945.9133,779
599616174953.6056,488
599616174961.298,-488
599616174968.9902,-882
599616174976.6826,-444
599616174984.3749,-264
599616174992.0671,-372
599616174999.7595,-290
599616175007.1494,-230
599616175014.8417,-283
599616175022.534,-276
599616175030.2263,-242
599616175037.9187,-245
599616175045.611,-245
599616175053.3032,-233
599616175060.9956,-230
599616175068.6879,-223
599616175076.3801,-209
599616175084.0725,-197
599616175091.7648,-189
599616175099.4572,-182
599616175107.1494,-173
599616175114.8417,-161
599616175122.534,-146
599616175130.2263,-127
599616175137.9187,-108
599616175145.611,-96
599616175153.3032,-91
599616175160.9956,-86
599616175168.6879,-88
599616175176.3801,-98
599616175184.0725,-110
599616175191.7648,-127
599616175199.4572,-158
599616175207.1494,-204
599616175214.8417,-242
599616175222.534,-264
599616175230.2263,-283
599616175237.9187,-300
599616175245.611,-305
599616175253.3032,-298
599616175260.9956,-300
599616175268.6879,-298
599616175276.3801,-293
599616175284.0725,-295
599616175291.7648,-298
599616175299.4572,-290
599616175307.1494,-290
599616175314.8417,-300
599616175322.534,-295
599616175330.2263,-290
599616175337.9187,-293
599616175345.611,-288
599616175353.3032,-286
599616175360.9956,-288
599616175368.6879,-290
599616175376.3801,-298
599616175384.0725,-300
599616175391.7648,-293
599616175399.4572,-290
599616175407.1494,-295
599616175414.8417,-295
599616175422.534,-290
599616175430.2263,-293
599616175437.9187,-298
599616175445.611,-290
599616175453.3032,-283
599616175460.9956,-286
599616175468.6879,-295
599616175476.3801,-295
599616175484.0725,-288
599616175491.7648,-290
599616175499.4572,-293
599616175507.1494,-283
599616175514.8417,-264
599616175522.534,-238
599616175530.2263,-223
599616175537.9187,-238
599616175545.611,-254
599616175553.3032,-254
599616175560.9956,-269
599616175568.3856,-290
599616175576.0779,-290
599616175583.7703,-276
599616175591.4625,-278
599616175599.1549,-283
599616175606.8472,-278
599616175614.5394,-276
599616175622.2318,-290
599616175629.9241,-336
599616175637.6163,-391
599616175645.3087,-269
599616175653.001,189
599616175660.6934,726
599616175668.3856,651
599616175676.0779,-300
599616175683.7703,-945
599616175691.4625,-581
599616175699.1549,-290
599616175706.8472,-401
599616175714.5394,-334
599616175722.2318,-238
599616175729.9241,-295
599616175737.6163,-300
599616175745.3087,-250
599616175753.001,-254
599616175760.6934,-259
599616175768.3856,-238
599616175776.0779,-230
599616175783.7703,-238
599616175791.4625,-230
599616175799.1549,-214
599616175806.8472,-206
599616175814.5394,-199
599616175822.2318,-185
599616175829.9241,-165
599616175837.6163,-151
599616175845.3087,-137
599616175853.001,-122
599616175860.6934,-108
599616175868.3856,-96
599616175876.0779,-91
599616175883.7703,-93
599616175891.4625,-98
599616175899.1549,-110
599616175906.8472,-132
599616175914.5394,-168
599616175922.2318,-206
599616175929.9241,-242
599616175937.6163,-278
599616175945.3087,-307
599616175953.001,-324
599616175960.6934,-331
599616175968.3856,-334
599616175976.0779,-336
599616175983.7703,-334
599616175991.4625,-324
599616175999.1549,-317
599616176006.8472,-319
599616176014.5394,-322
599616176022.2318,-310
599616176029.9241,-303
599616176037.6163,-310
599616176045.3087,-315
599616176053.001,-312
599616176060.6934,-307
599616176068.3856,-300
599616176076.0779,-303
599616176083.7703,-303
599616176091.4625,-300
599616176099.1549,-307
599616176106.8472,-312
599616176114.5394,-310
599616176122.2318,-307
599616176129.632,-303
599616176137.3242,-300
599616176145.0166,-300
599616176152.7089,-298
599616176160.4012,-303
599616176168.0935,-312
599616176175.7858,-305
599616176183.4781,-303
599616176191.1704,-303
599616176198.8627,-274
599616176206.555,-238
599616176214.2473,-238
599616176221.9397,-259
599616176229.632,-266
599616176237.3242,-271
599616176245.0166,-283
599616176252.7089,-293
599616176260.4012,-290
599616176268.0935,-278
599616176275.7858,-276
599616176283.4781,-286
599616176291.1704,-288
599616176298.8627,-290
599616176306.555,-310
599616176314.2473,-375
599616176321.9397,-399
599616176329.632,-117
599616176337.3242,468
599616176345.0166,851
599616176352.7089,300
599616176360.4012,-750
599616176368.0935,-872
599616176375.7858,-377
599616176383.4781,-341
599616176391.1704,-413
599616176398.8627,-276
599616176406.555,-259
599616176414.2473,-307
599616176421.9397,-264
599616176429.632,-242
599616176437.3242,-269
599616176445.0166,-257
599616176452.7089,-233
599616176460.4012,-233
599616176468.0935,-233
599616176475.7858,-214
599616176483.4781,-204
599616176491.1704,-197
599616176498.8627,-187
599616176506.555,-180
599616176514.2473,-161
599616176521.9397,-129
599616176529.632,-122
599616176537.3242,-115
599616176545.0166,-93
599616176552.7089,-84
599616176560.4012,-88
599616176568.0935,-86
599616176575.7858,-101
599616176583.4781,-127
599616176591.1704,-151
599616176598.8627,-187
599616176606.555,-238
599616176614.2473,-276
599616176621.9397,-305
599616176629.632,-324
599616176637.3242,-339
599616176645.0166,-355
599616176652.7089,-348
599616176660.4012,-331
599616176668.0935,-334
599616176675.7858,-339
599616176683.4781,-334
599616176690.8582,-331
599616176698.5504,-327
599616176706.2428,-319
599616176713.935,-312
599616176721.6274,-312
599616176729.3197,-317
599616176737.012,-327
599616176744.7043,-322
599616176752.3966,-305
599616176760.0889,-305
599616176767.7812,-322
599616176775.4735,-319
599616176783.1659,-307
599616176790.8582,-307
599616176798.5504,-315
599616176806.2428,-315
599616176813.935,-310
599616176821.6274,-315
599616176829.3197,-322
599616176837.012,-319
599616176844.7043,-315
599616176852.3966,-315
599616176860.0889,-312
599616176867.7812,-298
599616176875.4735,-281
599616176883.1659,-264
599616176890.8582,-266
599616176898.5504,-293
599616176906.2428,-303
599616176913.935,-295
599616176921.6274,-295
599616176929.3197,-293
599616176937.012,-281
599616176944.7043,-283
599616176952.3966,-293
599616176960.0889,-305
599616176967.7812,-360
599616176975.4735,-396
599616176983.1659,-168
599616176990.8582,391
599616176998.5504,851
599616177006.2428,432
599616177013.935,-639
599616177021.6274,-904
599616177029.3197,-401
599616177037.012,-317
599616177044.7043,-423
599616177052.3966,-286
599616177060.0889,-247
599616177067.7812,-319
599616177075.4735,-281
599616177083.1659,-235
599616177090.8582,-254
599616177098.5504,-257
599616177106.2428,-240
599616177113.935,-233
599616177121.6274,-230
599616177129.3197,-221
599616177137.012,-206
599616177144.7043,-199
599616177152.3966,-187
599616177160.0889,-165
599616177167.7812,-151
599616177175.4735,-139
599616177183.1659,-122
599616177190.8582,-108
599616177198.5504,-88
599616177206.2428,-79
599616177213.935,-81
599616177221.6274,-86
599616177229.3197,-93
599616177237.012,-110
599616177244.7043,-139
599616177252.1096,-177
599616177259.8019,-226
599616177267.4943,-266
599616177275.1865,-290
599616177282.8789,-315
599616177290.5712,-329
599616177298.2634,-327
599616177305.9558,-322
599616177313.6481,-336
599616177321.3403,-339
599616177329.0327,-324
599616177336.725,-322
599616177344.4174,-327
599616177352.1096,-319
599616177359.8019,-312
599616177367.4943,-312
599616177375.1865,-310
599616177382.8789,-303
599616177390.5712,-300
599616177398.2634,-305
599616177405.9558,-300
599616177413.6481,-293
599616177421.3403,-295
599616177429.0327,-298
599616177436.725,-295
599616177444.4174,-293
599616177452.1096,-290
599616177459.8019,-290
599616177467.4943,-286
599616177475.1865,-276
599616177482.8789,-281
599616177490.5712,-288
599616177498.2634,-278
599616177505.9558,-276
599616177513.6481,-283
599616177521.3403,-276
599616177529.0327,-262
599616177536.725,-250
599616177544.4174,-238
599616177552.1096,-247
599616177559.8019,-266
599616177567.4943,-269
599616177575.1865,-264
599616177582.8789,-264
599616177590.5712,-252
599616177598.2634,-242
599616177605.9558,-254
599616177613.6481,-264
599616177621.3403,-286
599616177629.0327,-358
599616177636.725,-324
599616177644.4174,52
599616177652.1096,654
599616177659.8019,877
599616177667.4943,132
599616177675.1865,-824
599616177682.8789,-733
599616177690.5712,-276
599616177698.2634,-322
599616177705.9558,-353
599616177713.6481,-230
599616177721.3403,-247
599616177729.0327,-290
599616177736.725,-252
599616177744.4174,-230
599616177752.1096,-240
599616177759.8019,-226
599616177767.4943,-216
599616177775.1865,-223
599616177782.8789,-218
599616177790.5712,-204
599616177798.2634,-194
599616177805.9558,-185
599616177813.3304,-168
599616177821.0227,-151
599616177828.7151,-139
599616177836.4073,-125
599616177844.0997,-110
599616177851.792,-98
599616177859.4843,-86
599616177867.1766,-79
599616177874.8689,-81
599616177882.5612,-84
599616177890.2535,-93
599616177897.9458,-117
599616177905.6382,-153
599616177913.3304,-189
599616177921.0227,-223
599616177928.7151,-257
599616177936.4073,-286
599616177944.0997,-300
599616177951.792,-303
599616177959.4843,-307
599616177967.1766,-307
599616177974.8689,-303
599616177982.5612,-295
599616177990.2535,-293
599616177997.9458,-288
599616178005.6382,-286
599616178013.3304,-288
599616178021.0227,-286
599616178028.7151,-286
599616178036.4073,-286
599616178044.0997,-281
599616178051.792,-278
599616178059.4843,-281
599616178067.1766,-281
599616178074.8689,-281
599616178082.5612,-283
599616178090.2535,-276
599616178097.9458,-276
599616178105.6382,-283
599616178113.3304,-281
599616178121.0227,-278
599616178128.7151,-276
599616178136.4073,-276
599616178144.0997,-278
599616178151.792,-274
599616178159.4843,-269
599616178167.1766,-271
599616178174.8689,-278
599616178182.5612,-281
599616178190.2535,-276
599616178197.9458,-269
599616178205.6382,-254
599616178213.3304,-238
599616178221.0227,-226
599616178228.7151,-235
599616178236.4073,-257
599616178244.0997,-264
599616178251.792,-262
599616178259.4843,-264
599616178267.1766,-264
599616178274.8689,-262
599616178282.5612,-259
599616178290.2535,-259
599616178297.9458,-264
599616178305.6382,-310
599616178313.3304,-382
599616178321.0227,-264
599616178328.7151,199
599616178336.4073,762
599616178344.0997,767
599616178351.792,-149
599616178359.4843,-904
599616178367.1766,-601
599616178374.5667,-250
599616178382.2589,-358
599616178389.9513,-341
599616178397.6436,-242
599616178405.3359,-278
599616178413.0282,-290
599616178420.7205,-247
599616178428.4128,-247
599616178436.1051,-257
599616178443.7974,-240
599616178451.4897,-230
599616178459.182,-228
599616178466.8744,-221
599616178474.5667,-211
599616178482.2589,-206
599616178489.9513,-194
599616178497.6436,-177
599616178505.3359,-163
599616178513.0282,-151
599616178520.7205,-137
599616178528.4128,-120
599616178536.1051,-103
599616178543.7974,-91
599616178551.4897,-86
599616178559.182,-88
599616178566.8744,-96
599616178574.5667,-108
599616178582.2589,-127
599616178589.9513,-156
599616178597.6436,-197
599616178605.3359,-238
599616178613.0282,-269
599616178620.7205,-290
599616178628.4128,-300
599616178636.1051,-303
599616178643.7974,-305
599616178651.4897,-305
599616178659.182,-303
599616178666.8744,-295
599616178674.5667,-288
599616178682.2589,-288
599616178689.9513,-288
599616178697.6436,-286
599616178705.3359,-283
599616178713.0282,-283
599616178720.7205,-283
599616178728.4128,-283
599616178736.1051,-283
599616178743.7974,-286
599616178751.4897,-286
599616178759.182,-281
599616178766.8744,-281
599616178774.5667,-283
599616178782.2589,-283
599616178789.9513,-283
599616178797.6436,-281
599616178805.3359,-278
599616178813.0282,-276
599616178820.7205,-276
599616178828.4128,-274
599616178836.1051,-271
599616178843.7974,-274
599616178851.4897,-274
599616178859.182,-274
599616178866.8744,-269
599616178874.5667,-269
599616178882.2589,-281
599616178889.9513,-286
599616178897.6436,-281
599616178905.3359,-266
599616178913.0282,-240
599616178920.7205,-218
599616178928.4128,-221
599616178935.8029,-230
599616178943.4951,-240
599616178951.1875,-254
599616178958.8798,-264
599616178966.5721,-264
599616178974.2644,-266
599616178981.9567,-264
599616178989.649,-259
599616178997.3413,-257
599616179005.0336,-259
599616179012.726,-274
599616179020.4182,-336
599616179028.1106,-372
599616179035.8029,-127
599616179043.4951,413
599616179051.1875,841
599616179058.8798,488
599616179066.5721,-529
599616179074.2644,-870
599616179081.9567,-399
599616179089.649,-247
599616179097.3413,-363
599616179105.0336,-286
599616179112.726,-235
599616179120.4182,-281
599616179128.1106,-264
599616179135.8029,-230
599616179143.4951,-240
599616179151.1875,-240
599616179158.8798,-226
599616179166.5721,-221
599616179174.2644,-214
599616179181.9567,-202
599616179189.649,-194
599616179197.3413,-187
599616179205.0336,-175
599616179212.726,-163
599616179220.4182,-149
599616179228.1106,-132
599616179235.8029,-115
599616179243.4951,-101
599616179251.1875,-88
599616179258.8798,-81
599616179266.5721,-76
599616179274.2644,-81
599616179281.9567,-88
599616179289.649,-101
599616179297.3413,-125
599616179305.0336,-158
599616179312.726,-194
599616179320.4182,-228
599616179328.1106,-257
599616179335.8029,-276
599616179343.4951,-288
599616179351.1875,-293
599616179358.8798,-293
599616179366.5721,-295
599616179374.2644,-290
599616179381.9567,-283
599616179389.649,-283
599616179397.3413,-281
599616179405.0336,-276
599616179412.726,-274
599616179420.4182,-276
599616179428.1106,-276
599616179435.8029,-276
599616179443.4951,-276
599616179451.1875,-271
599616179458.8798,-271
599616179466.5721,-274
599616179474.2644,-274
599616179481.9567,-274
599616179489.649,-271
599616179497.0492,-271
599616179504.7415,-276
599616179512.4338,-276
599616179520.1261,-271
599616179527.8185,-271
599616179535.5107,-271
599616179543.203,-269
599616179550.8954,-266
599616179558.5876,-271
599616179566.2799,-274
599616179573.9723,-269
599616179581.6646,-266
599616179589.3569,-266
599616179597.0492,-264
599616179604.7415,-262
599616179612.4338,-264
599616179620.1261,-269
599616179627.8185,-274
599616179635.5107,-274
599616179643.203,-264
599616179650.8954,-245
599616179658.5876,-226
599616179666.2799,-221
599616179673.9723,-223
599616179681.6646,-235
599616179689.3569,-254
599616179697.0492,-264
599616179704.7415,-259
599616179712.4338,-257
599616179720.1261,-257
599616179727.8185,-254
599616179735.5107,-252
599616179743.203,-257
599616179750.8954,-269
599616179758.5876,-322
599616179766.2799,-363
599616179773.9723,-161
599616179781.6646,346
599616179789.3569,800
599616179797.0492,529
599616179804.7415,-459
599616179812.4338,-880
599616179820.1261,-435
599616179827.8185,-245
599616179835.5107,-360
599616179843.203,-288
599616179850.8954,-228
599616179858.5876,-276
599616179866.2799,-269
599616179873.9723,-238
599616179881.6646,-245
599616179889.3569,-240
599616179897.0492,-226
599616179904.7415,-223
599616179912.4338,-218
599616179920.1261,-206
599616179927.8185,-202
599616179935.5107,-192
599616179943.203,-180
599616179950.8954,-168
599616179958.5876,-153
599616179966.2799,-137
599616179973.9723,-120
599616179981.6646,-108
599616179989.3569,-98
599616179997.0492,-91
599616180004.7415,-86
599616180012.4338,-88
599616180020.1261,-96
599616180027.8185,-108
599616180035.5107,-129
599616180043.203,-161
599616180050.8954,-199
599616180058.2751,-235
599616180065.9674,-262
599616180073.6598,-281
599616180081.352,-295
599616180089.0444,-303
599616180096.7367,-305
599616180104.429,-305
599616180112.1213,-298
599616180119.8136,-290
599616180127.5059,-288
599616180135.1982,-288
599616180142.8905,-288
599616180150.5829,-290
599616180158.2751,-286
599616180165.9674,-281
599616180173.6598,-283
599616180181.352,-286
599616180189.0444,-283
599616180196.7367,-281
599616180204.429,-283
599616180212.1213,-283
599616180219.8136,-278
599616180227.5059,-278
599616180235.1982,-283
599616180242.8905,-286
599616180250.5829,-283
599616180258.2751,-278
599616180265.9674,-278
599616180273.6598,-278
599616180281.352,-278
599616180289.0444,-278
599616180296.7367,-276
599616180304.429,-274
599616180312.1213,-271
599616180319.8136,-269
599616180327.5059,-271
599616180335.1982,-271
599616180342.8905,-269
599616180350.5829,-269
599616180358.2751,-266
599616180365.9674,-266
599616180373.6598,-276
599616180381.352,-288
599616180389.0444,-288
599616180396.7367,-271
599616180404.429,-250
599616180412.1213,-233
599616180419.8136,-228
599616180427.5059,-228
599616180435.1982,-240
599616180442.8905,-259
599616180450.5829,-266
599616180458.2751,-264
599616180465.9674,-264
599616180473.6598,-262
599616180481.352,-259
599616180489.0444,-259
599616180496.7367,-259
599616180504.429,-269
599616180512.1213,-329
599616180519.8136,-367
599616180527.5059,-141
599616180535.1982,375
599616180542.8905,798
599616180550.5829,456
599616180558.2751,-533
599616180565.9674,-868
599616180573.6598,-408
599616180581.352,-259
599616180589.0444,-367
599616180596.7367,-286
599616180604.429,-238
599616180612.1213,-283
599616180619.5266,-269
599616180627.2189,-235
599616180634.9113,-245
599616180642.6035,-245
599616180650.2959,-228
599616180657.9882,-226
599616180665.6804,-221
599616180673.3728,-209
599616180681.0651,-199
599616180688.7573,-192
599616180696.4497,-177
599616180704.142,-163
599616180711.8344,-151
599616180719.5266,-134
599616180727.2189,-122
599616180734.9113,-110
599616180742.6035,-101
599616180750.2959,-93
599616180757.9882,-93
599616180765.6804,-96
599616180773.3728,-103
599616180781.0651,-115
599616180788.7573,-134
599616180796.4497,-163
599616180804.142,-202
599616180811.8344,-235
599616180819.5266,-264
599616180827.2189,-286
599616180834.9113,-295
599616180842.6035,-300
599616180850.2959,-303
599616180857.9882,-300
599616180865.6804,-298
599616180873.3728,-298
599616180881.0651,-298
599616180888.7573,-295
599616180896.4497,-288
599616180904.142,-286
599616180911.8344,-288
599616180919.5266,-286
599616180927.2189,-281
599616180934.9113,-278
599616180942.6035,-278
599616180950.2959,-278
599616180957.9882,-281
599616180965.6804,-283
599616180973.3728,-281
599616180981.0651,-278
599616180988.7573,-281
599616180996.4497,-281
599616181004.142,-283
599616181011.8344,-283
599616181019.5266,-283
599616181027.2189,-281
599616181034.9113,-278
599616181042.6035,-278
599616181050.2959,-278
599616181057.9882,-276
599616181065.6804,-271
599616181073.3728,-271
599616181081.0651,-271
599616181088.7573,-269
599616181096.4497,-266
599616181104.142,-269
599616181111.8344,-266
599616181119.5266,-262
599616181127.2189,-259
599616181134.9113,-259
599616181142.6035,-259
599616181150.2959,-262
599616181157.9882,-266
599616181165.6804,-269
599616181173.3728,-262
599616181180.7578,-247
599616181188.4501,-230
599616181196.1425,-218
599616181203.8347,-214
599616181211.5271,-226
599616181219.2194,-245
599616181226.9116,-257
599616181234.604,-259
599616181242.2963,-257
599616181249.9885,-250
599616181257.6809,-247
599616181265.3732,-250
599616181273.0656,-252
599616181280.7578,-259
599616181288.4501,-305
599616181296.1425,-365
599616181303.8347,-223
599616181311.5271,240
599616181319.2194,738
599616181326.9116,625
599616181334.604,-300
599616181342.2963,-889
599616181349.9885,-517
599616181357.6809,-235
599616181365.3732,-353
599616181373.0656,-310
599616181380.7578,-228
599616181388.4501,-271
599616181396.1425,-274
599616181403.8347,-235
599616181411.5271,-240
599616181419.2194,-242
599616181426.9116,-223
599616181434.604,-218
599616181442.2963,-218
599616181449.9885,-206
599616181457.6809,-197
599616181465.3732,-187
599616181473.0656,-177
599616181480.7578,-165
599616181488.4501,-151
599616181496.1425,-137
599616181503.8347,-127
599616181511.5271,-113
599616181519.2194,-101
599616181526.9116,-93
599616181534.604,-91
599616181542.2963,-91
599616181549.9885,-96
599616181557.6809,-110
599616181565.3732,-127
599616181573.0656,-153
599616181580.7578,-189
599616181588.4501,-226
599616181596.1425,-254
599616181603.8347,-278
599616181611.5271,-295
599616181619.2194,-300
599616181626.9116,-303
599616181634.604,-303
599616181642.2963,-298
599616181649.9885,-295
599616181657.6809,-295
599616181665.3732,-295
599616181673.0656,-293
599616181680.7578,-290
599616181688.4501,-288
599616181696.1425,-286
599616181703.8347,-286
599616181711.5271,-286
599616181719.2194,-288
599616181726.9116,-288
599616181734.604,-286
599616181741.9991,-283
599616181749.6914,-286
599616181757.3838,-283
599616181765.076,-281
599616181772.7684,-281
599616181780.4607,-281
599616181788.153,-283
599616181795.8453,-283
599616181803.5376,-281
599616181811.2299,-283
599616181818.9222,-288
599616181826.6145,-283
599616181834.3069,-278
599616181841.9991,-278
599616181849.6914,-276
599616181857.3838,-274
599616181865.076,-274
599616181872.7684,-269
599616181880.4607,-266
599616181888.153,-269
599616181895.8453,-271
599616181903.5376,-269
599616181911.2299,-264
599616181918.9222,-266
599616181926.6145,-266
599616181934.3069,-262
599616181941.9991,-264
599616181949.6914,-274
599616181957.3838,-276
599616181965.076,-269
599616181972.7684,-250
599616181980.4607,-226
599616181988.153,-216
599616181995.8453,-223
599616182003.5376,-240
599616182011.2299,-254
599616182018.9222,-259
599616182026.6145,-259
599616182034.3069,-262
599616182041.9991,-262
599616182049.6914,-257
599616182057.3838,-252
599616182065.076,-252
599616182072.7684,-271
599616182080.4607,-334
599616182088.153,-353
599616182095.8453,-105
599616182103.5376,418
599616182111.2299,793
599616182118.9222,367
599616182126.6145,-618
599616182134.3069,-844
599616182141.9991,-370
599616182149.6914,-271
599616182157.3838,-367
599616182165.076,-269
599616182172.7684,-235
599616182180.4607,-286
599616182188.153,-262
599616182195.8453,-230
599616182203.5376,-242
599616182211.2299,-242
599616182218.9222,-228
599616182226.6145,-221
599616182234.3069,-216
599616182241.9991,-206
599616182249.6914,-199
599616182257.3838,-189
599616182265.076,-175
599616182272.7684,-163
599616182280.4607,-149
599616182288.153,-134
599616182295.8453,-120
599616182303.2404,-108
599616182310.9326,-98
599616182318.625,-91
599616182326.3173,-88
599616182334.0096,-93
599616182341.7019,-105
599616182349.3942,-122
599616182357.0865,-141
599616182364.7788,-170
599616182372.4711,-209
599616182380.1635,-245
599616182387.8557,-271
599616182395.5481,-290
599616182403.2404,-305
599616182410.9326,-312
599616182418.625,-310
599616182426.3173,-310
599616182434.0096,-307
599616182441.7019,-305
599616182449.3942,-303
599616182457.0865,-300
599616182464.7788,-295
599616182472.4711,-290
599616182480.1635,-290
599616182487.8557,-290
599616182495.5481,-288
599616182503.2404,-283
599616182510.9326,-283
599616182518.625,-281
599616182526.3173,-281
599616182534.0096,-281
599616182541.7019,-283
599616182549.3942,-281
599616182557.0865,-278
599616182564.7788,-276
599616182572.4711,-281
599616182580.1635,-283
599616182587.8557,-281
599616182595.5481,-276
599616182603.2404,-276
599616182610.9326,-278
599616182618.625,-278
599616182626.3173,-276
599616182634.0096,-271
599616182641.7019,-269
599616182649.3942,-269
599616182657.0865,-266
599616182664.7788,-264
599616182672.4711,-264
599616182680.1635,-262
599616182687.8557,-259
599616182695.5481,-259
599616182703.2404,-259
599616182710.9326,-262
599616182718.625,-266
599616182726.3173,-271
599616182734.0096,-274
599616182741.7019,-262
599616182749.3942,-240
599616182757.0865,-221
599616182764.7788,-214
599616182772.4711,-223
599616182780.1635,-245
599616182787.8557,-257
599616182795.5481,-257
599616182803.2404,-259
599616182810.9326,-257
599616182818.625,-252
599616182826.3173,-252
599616182834.0096,-252
599616182841.7019,-254
599616182849.3942,-293
599616182857.0865,-363
599616182864.4663,-276
599616182872.1586,134
599616182879.851,658
599616182887.5432,702
599616182895.2356,-125
599616182902.9279,-887
599616182910.6201,-634
599616182918.3125,-252
599616182926.0048,-339
599616182933.697,-339
599616182941.3894,-233
599616182949.0817,-266
599616182956.774,-286
599616182964.4663,-242
599616182972.1586,-238
599616182979.851,-247
599616182987.5432,-230
599616182995.2356,-216
599616183002.9279,-214
599616183010.6201,-206
599616183018.3125,-197
599616183026.0048,-187
599616183033.697,-177
599616183041.3894,-163
599616183049.0817,-151
599616183056.774,-141
599616183064.4663,-125
599616183072.1586,-110
599616183079.851,-98
599616183087.5432,-88
599616183095.2356,-81
599616183102.9279,-88
599616183110.6201,-96
599616183118.3125,-103
599616183126.0048,-122
599616183133.697,-149
599616183141.3894,-182
599616183149.0817,-216
599616183156.774,-250
599616183164.4663,-276
599616183172.1586,-290
599616183179.851,-298
599616183187.5432,-303
599616183195.2356,-305
599616183202.9279,-303
599616183210.6201,-298
599616183218.3125,-290
599616183226.0048,-288
599616183233.697,-288
599616183241.3894,-286
599616183249.0817,-278
599616183256.774,-276
599616183264.4663,-274
599616183272.1586,-271
599616183279.851,-269
599616183287.5432,-271
599616183295.2356,-271
599616183302.9279,-269
599616183310.6201,-266
599616183318.3125,-266
599616183326.0048,-269
599616183333.697,-269
599616183341.3894,-269
599616183349.0817,-266
599616183356.774,-264
599616183364.4663,-264
599616183372.1586,-266
599616183379.851,-264
599616183387.5432,-262
599616183395.2356,-262
599616183402.9279,-262
599616183410.6201,-264
599616183418.3125,-264
599616183425.6924,-259
599616183433.3846,-259
599616183441.077,-262
599616183448.7693,-262
599616183456.4617,-259
599616183464.1539,-257
599616183471.8462,-257
599616183479.5386,-259
599616183487.2308,-266
599616183494.9231,-266
599616183502.6155,-254
599616183510.3077,-242
599616183518.0001,-235
599616183525.6924,-221
599616183533.3846,-216
599616183541.077,-235
599616183548.7693,-245
599616183556.4617,-242
599616183564.1539,-247
599616183571.8462,-250
599616183579.5386,-242
599616183587.2308,-240
599616183594.9231,-245
599616183602.6155,-247
599616183610.3077,-278
599616183618.0001,-346
599616183625.6924,-283
599616183633.3846,105
599616183641.077,646
599616183648.7693,743
599616183656.4617,-60
599616183664.1539,-877
599616183671.8462,-670
599616183679.5386,-266
599616183687.2308,-339
599616183694.9231,-343
599616183702.6155,-230
599616183710.3077,-259
599616183718.0001,-286
599616183725.6924,-245
599616183733.3846,-238
599616183741.077,-245
599616183748.7693,-233
599616183756.4617,-223
599616183764.1539,-216
599616183771.8462,-209
599616183779.5386,-204
599616183787.2308,-194
599616183794.9231,-180
599616183802.6155,-170
599616183810.3077,-163
599616183818.0001,-149
599616183825.6924,-129
599616183833.3846,-115
599616183841.077,-96
599616183848.7693,-81
599616183856.4617,-88
599616183864.1539,-96
599616183871.8462,-86
599616183879.5386,-86
599616183887.2308,-117
599616183894.9231,-161
599616183902.6155,-197
599616183910.3077,-238
599616183918.0001,-278
599616183925.6924,-295
599616183933.3846,-303
599616183941.077,-322
599616183948.7693,-329
599616183956.4617,-322
599616183964.1539,-324
599616183971.8462,-329
599616183979.5386,-324
599616183986.9438,-307
599616183994.6361,-300
599616184002.3285,-305
599616184010.0208,-300
599616184017.7131,-293
599616184025.4054,-286
599616184033.0977,-288
599616184040.79,-288
599616184048.4823,-286
599616184056.1746,-283
599616184063.867,-276
599616184071.5592,-274
599616184079.2516,-281
599616184086.9438,-278
599616184094.6361,-269
599616184102.3285,-271
599616184110.0208,-278
599616184117.7131,-274
599616184125.4054,-266
599616184133.0977,-271
599616184140.79,-274
599616184148.4823,-264
599616184156.1746,-264
599616184163.867,-271
599616184171.5592,-264
599616184179.2516,-262
599616184186.9438,-271
599616184194.6361,-271
599616184202.3285,-264
599616184210.0208,-269
599616184217.7131,-274
599616184225.4054,-264
599616184233.0977,-254
599616184240.79,-252
599616184248.4823,-250
599616184256.1746,-230
599616184263.867,-218
599616184271.5592,-238
599616184279.2516,-259
599616184286.9438,-262
599616184294.6361,-262
599616184302.3285,-257
599616184310.0208,-250
599616184317.7131,-252
599616184325.4054,-252
599616184333.0977,-254
599616184340.79,-295
599616184348.4823,-360
599616184356.1746,-259
599616184363.867,177
599616184371.5592,738
599616184379.2516,726
599616184386.9438,-230
599616184394.6361,-961
599616184402.3285,-615
599616184410.0208,-266
599616184417.7131,-377
599616184425.4054,-341
599616184433.0977,-228
599616184440.79,-266
599616184448.4823,-283
599616184456.1746,-240
599616184463.867,-235
599616184471.5592,-240
599616184479.2516,-226
599616184486.9438,-218
599616184494.6361,-214
599616184502.3285,-202
599616184510.0208,-192
599616184517.7131,-182
599616184525.4054,-165
599616184533.0977,-153
599616184540.79,-149
599616184548.1749,-139
599616184555.8672,-120
599616184563.5596,-96
599616184571.2518,-79
599616184578.9442,-74
599616184586.6365,-72
599616184594.3287,-62
599616184602.0211,-72
599616184609.7134,-98
599616184617.4056,-115
599616184625.098,-141
599616184632.7903,-192
599616184640.4827,-235
599616184648.1749,-271
599616184655.8672,-310
599616184663.5596,-327
599616184671.2518,-324
599616184678.9442,-324
599616184686.6365,-329
599616184694.3287,-334
599616184702.0211,-329
599616184709.7134,-315
599616184717.4056,-310
599616184725.098,-310
599616184732.7903,-305
599616184740.4827,-303
599616184748.1749,-300
599616184755.8672,-298
599616184763.5596,-295
599616184771.2518,-288
599616184778.9442,-286
599616184786.6365,-288
599616184794.3287,-283
599616184802.0211,-278
599616184809.7134,-290
599616184817.4056,-290
599616184825.098,-281
599616184832.7903,-281
599616184840.4827,-283
599616184848.1749,-283
599616184855.8672,-281
599616184863.5596,-276
599616184871.2518,-271
599616184878.9442,-274
599616184886.6365,-278
599616184894.3287,-274
599616184902.0211,-269
599616184909.7134,-271
599616184917.4056,-276
599616184925.098,-281
599616184932.7903,-278
599616184940.4827,-262
599616184948.1749,-250
599616184955.8672,-240
599616184963.5596,-228
599616184971.2518,-240
599616184978.9442,-262
599616184986.6365,-252
599616184994.3287,-247
599616185002.0211,-257
599616185009.7134,-250
599616185017.4056,-245
599616185025.098,-252
599616185032.7903,-257
599616185040.4827,-283
599616185048.1749,-353
599616185055.8672,-295
599616185063.5596,105
599616185071.2518,694
599616185078.9442,832
599616185086.6365,-7
599616185094.3287,-892
599616185102.0211,-680
599616185109.4161,-262
599616185117.1084,-351
599616185124.8008,-343
599616185132.493,-214
599616185140.1854,-247
599616185147.8777,-271
599616185155.57,-223
599616185163.2623,-223
599616185170.9546,-238
599616185178.6469,-216
599616185186.3392,-206
599616185194.0315,-214
599616185201.7239,-199
599616185209.4161,-182
599616185217.1084,-180
599616185224.8008,-173
599616185232.493,-156
599616185240.1854,-141
599616185247.8777,-125
599616185255.57,-108
599616185263.2623,-88
599616185270.9546,-72
599616185278.6469,-62
599616185286.3392,-55
599616185294.0315,-52
599616185301.7239,-60
599616185309.4161,-72
599616185317.1084,-96
599616185324.8008,-137
599616185332.493,-177
599616185340.1854,-218
599616185347.8777,-259
599616185355.57,-283
599616185363.2623,-298
599616185370.9546,-310
599616185378.6469,-310
599616185386.3392,-305
599616185394.0315,-300
599616185401.7239,-295
599616185409.4161,-295
599616185417.1084,-293
599616185424.8008,-286
599616185432.493,-281
599616185440.1854,-281
599616185447.8777,-278
599616185455.57,-274
599616185463.2623,-271
599616185470.9546,-269
599616185478.6469,-271
599616185486.3392,-269
599616185494.0315,-264
599616185501.7239,-262
599616185509.4161,-259
599616185517.1084,-257
599616185524.8008,-259
599616185532.493,-262
599616185540.1854,-262
599616185547.8777,-259
599616185555.57,-254
599616185563.2623,-247
599616185570.9546,-250
599616185578.6469,-254
599616185586.3392,-250
599616185594.0315,-250
599616185601.7239,-245
599616185609.4161,-238
599616185617.1084,-238
599616185624.8008,-245
599616185632.493,-247
599616185640.1854,-247
599616185647.8777,-250
599616185655.57,-254
599616185663.2623,-252
599616185670.6576,-235
599616185678.3499,-223
599616185686.0422,-214
599616185693.7345,-206
599616185701.4269,-216
599616185709.1191,-235
599616185716.8114,-238
599616185724.5038,-235
599616185732.196,-238
599616185739.8883,-235
599616185747.5807,-230
599616185755.273,-228
599616185762.9653,-230
599616185770.6576,-269
599616185778.3499,-351
599616185786.0422,-274
599616185793.7345,156
599616185801.4269,733
599616185809.1191,841
599616185816.8114,7
599616185824.5038,-853
599616185832.196,-646
599616185839.8883,-238
599616185847.5807,-322
599616185855.273,-331
599616185862.9653,-221
599616185870.6576,-250
599616185878.3499,-274
599616185886.0422,-226
599616185893.7345,-221
599616185901.4269,-238
599616185909.1191,-226
599616185916.8114,-214
599616185924.5038,-211
599616185932.196,-202
599616185939.8883,-192
599616185947.5807,-192
599616185955.273,-182
599616185962.9653,-158
599616185970.6576,-141
599616185978.3499,-129
599616185986.0422,-113
599616185993.7345,-96
599616186001.4269,-81
599616186009.1191,-67
599616186016.8114,-62
599616186024.5038,-62
599616186032.196,-67
599616186039.8883,-76
599616186047.5807,-98
599616186055.273,-134
599616186062.9653,-175
599616186070.6576,-216
599616186078.3499,-250
599616186086.0422,-276
599616186093.7345,-290
599616186101.4269,-298
599616186109.1191,-298
599616186116.8114,-300
599616186124.5038,-303
599616186132.196,-300
599616186139.8883,-298
599616186147.5807,-293
599616186155.273,-293
599616186162.9653,-290
599616186170.6576,-283
599616186178.3499,-281
599616186186.0422,-278
599616186193.7345,-276
599616186201.4269,-276
599616186209.1191,-278
599616186216.8114,-276
599616186224.5038,-274
599616186231.8835,-271
599616186239.5758,-271
599616186247.2682,-271
599616186254.9604,-271
599616186262.6528,-269
599616186270.3451,-271
599616186278.0374,-266
599616186285.7297,-262
599616186293.422,-262
599616186301.1143,-262
599616186308.8066,-262
599616186316.4989,-257
599616186324.1913,-252
599616186331.8835,-254
599616186339.5758,-254
599616186347.2682,-252
599616186354.9604,-254
599616186362.6528,-252
599616186370.3451,-245
599616186378.0374,-240
599616186385.7297,-242
599616186393.422,-242
599616186401.1143,-245
599616186408.8066,-247
599616186416.4989,-250
599616186424.1913,-252
599616186431.8835,-252
599616186439.5758,-240
599616186447.2682,-228
599616186454.9604,-221
599616186462.6528,-204
599616186470.3451,-206
599616186478.0374,-230
599616186485.7297,-242
599616186493.422,-238
599616186501.1143,-235
599616186508.8066,-235
599616186516.4989,-230
599616186524.1913,-226
599616186531.8835,-226
599616186539.5758,-233
599616186547.2682,-278
599616186554.9604,-346
599616186562.6528,-230
599616186570.3451,228
599616186578.0374,783
599616186585.7297,793
599616186593.422,-103
599616186601.1143,-863
599616186608.8066,-577
599616186616.4989,-221
599616186624.1913,-322
599616186631.8835,-312
599616186639.5758,-214
599616186647.2682,-250
599616186654.9604,-262
599616186662.6528,-216
599616186670.3451,-218
599616186678.0374,-230
599616186685.7297,-214
599616186693.422,-204
599616186701.1143,-206
599616186708.8066,-194
599616186716.4989,-182
599616186724.1913,-180
599616186731.8835,-173
599616186739.5758,-158
599616186747.2682,-141
599616186754.9604,-127
599616186762.6528,-110
599616186770.3451,-91
599616186778.0374,-74
599616186785.7297,-60
599616186793.1095,-55
599616186800.8018,-62
599616186808.4941,-69
599616186816.1864,-81
599616186823.8788,-103
599616186831.571,-132
599616186839.2633,-170
599616186846.9557,-214
599616186854.648,-250
599616186862.3402,-274
599616186870.0326,-288
599616186877.7249,-298
599616186885.4172,-303
599616186893.1095,-305
599616186900.8018,-300
599616186908.4941,-298
599616186916.1864,-295
599616186923.8788,-290
599616186931.571,-286
599616186939.2633,-283
599616186946.9557,-286
599616186954.648,-288
599616186962.3402,-283
599616186970.0326,-278
599616186977.7249,-278
599616186985.4172,-278
599616186993.1095,-274
599616187000.8018,-269
599616187008.4941,-269
599616187016.1864,-269
599616187023.8788,-266
599616187031.571,-264
599616187039.2633,-264
599616187046.9557,-264
599616187054.648,-264
599616187062.3402,-266
599616187070.0326,-264
599616187077.7249,-259
599616187085.4172,-259
599616187093.1095,-259
599616187100.8018,-259
599616187108.4941,-257
599616187116.1864,-257
599616187123.8788,-257
599616187131.571,-257
599616187139.2633,-254
599616187146.9557,-254
599616187154.648,-250
599616187162.3402,-247
599616187170.0326,-250
599616187177.7249,-247
599616187185.4172,-245
599616187193.1095,-245
599616187200.8018,-242
599616187208.4941,-242
599616187216.1864,-240
599616187223.8788,-240
599616187231.571,-240
599616187239.2633,-240
599616187246.9557,-245
599616187254.648,-252
599616187262.3402,-254
599616187270.0326,-240
599616187277.7249,-209
599616187285.4172,-189
599616187293.1095,-197
599616187300.8018,-211
599616187308.4941,-221
599616187316.1864,-233
599616187323.8788,-242
599616187331.571,-245
599616187339.2633,-242
599616187346.9557,-242
599616187354.361,-245
599616187362.0532,-242
599616187369.7456,-242
599616187377.4379,-247
599616187385.1302,-286
599616187392.8225,-363
599616187400.5148,-278
599616187408.2072,149
599616187415.8994,711
599616187423.5917,805
599616187431.284,-14
599616187438.9763,-844
599616187446.6687,-639
599616187454.361,-250
599616187462.0532,-339
599616187469.7456,-346
599616187477.4379,-230
599616187485.1302,-259
599616187492.8225,-283
599616187500.5148,-238
599616187508.2072,-230
599616187515.8994,-242
599616187523.5917,-228
599616187531.284,-216
599616187538.9763,-214
599616187546.6687,-204
599616187554.361,-192
599616187562.0532,-185
599616187569.7456,-175
599616187577.4379,-158
599616187585.1302,-146
599616187592.8225,-132
599616187600.5148,-115
599616187608.2072,-98
599616187615.8994,-88
599616187623.5917,-76
599616187631.284,-67
599616187638.9763,-64
599616187646.6687,-72
599616187654.361,-79
599616187662.0532,-96
599616187669.7456,-127
599616187677.4379,-165
599616187685.1302,-202
599616187692.8225,-238
599616187700.5148,-266
599616187708.2072,-281
599616187715.8994,-290
599616187723.5917,-295
599616187731.284,-295
599616187738.9763,-290
599616187746.6687,-288
599616187754.361,-286
599616187762.0532,-283
599616187769.7456,-278
599616187777.4379,-278
599616187785.1302,-281
599616187792.8225,-281
599616187800.5148,-278
599616187808.2072,-274
599616187815.8994,-271
599616187823.5917,-271
599616187831.284,-271
599616187838.9763,-271
599616187846.6687,-271
599616187854.361,-269
599616187862.0532,-266
599616187869.7456,-266
599616187877.4379,-271
599616187885.1302,-274
599616187892.8225,-269
599616187900.5148,-264
599616187908.2072,-269
599616187915.592,-271
599616187923.2843,-266
599616187930.9767,-266
599616187938.669,-264
599616187946.3613,-262
599616187954.0536,-262
599616187961.7458,-264
599616187969.4382,-266
599616187977.1305,-269
599616187984.8228,-262
599616187992.5151,-257
599616188000.2074,-257
599616188007.8998,-259
599616188015.592,-254
599616188023.2843,-252
599616188030.9767,-250
599616188038.669,-247
599616188046.3613,-247
599616188054.0536,-245
599616188061.7458,-242
599616188069.4382,-247
599616188077.1305,-250
599616188084.8228,-252
599616188092.5151,-252
599616188100.2074,-242
599616188107.8998,-216
599616188115.592,-189
599616188123.2843,-189
599616188130.9767,-211
599616188138.669,-218
599616188146.3613,-218
599616188154.0536,-235
599616188161.7458,-259
599616188169.4382,-262
599616188177.1305,-252
599616188184.8228,-252
599616188192.5151,-252
599616188200.2074,-252
599616188207.8998,-252
599616188215.592,-257
599616188223.2843,-281
599616188230.9767,-351
599616188238.669,-327
599616188246.3613,12
599616188254.0536,572
599616188261.7458,846
599616188269.4382,223
599616188277.1305,-747
599616188284.8228,-769
599616188292.5151,-307
599616188300.2074,-312
599616188307.8998,-370
599616188315.592,-252
599616188323.2843,-247
599616188330.9767,-290
599616188338.669,-257
599616188346.3613,-238
599616188354.0536,-247
599616188361.7458,-238
599616188369.4382,-226
599616188377.1305,-226
599616188384.8228,-221
599616188392.5151,-209
599616188400.2074,-202
599616188407.8998,-192
599616188415.592,-177
599616188423.2843,-161
599616188430.9767,-149
599616188438.669,-129
599616188446.3613,-108
599616188454.0536,-93
599616188461.7458,-84
599616188469.4382,-76
599616188476.8334,-76
599616188484.5256,-76
599616188492.218,-84
599616188499.9103,-98
599616188507.6027,-122
599616188515.2949,-158
599616188522.9872,-199
599616188530.6796,-238
599616188538.3718,-264
599616188546.0641,-283
599616188553.7565,-295
599616188561.4487,-305
599616188569.1411,-310
599616188576.8334,-307
599616188584.5256,-300
599616188592.218,-298
599616188599.9103,-293
599616188607.6027,-290
599616188615.2949,-295
599616188622.9872,-295
599616188630.6796,-286
599616188638.3718,-283
599616188646.0641,-283
599616188653.7565,-281
599616188661.4487,-281
599616188669.1411,-281
599616188676.8334,-278
599616188684.5256,-276
599616188692.218,-276
599616188699.9103,-278
599616188707.6027,-274
599616188715.2949,-271
599616188722.9872,-271
599616188730.6796,-274
599616188738.3718,-269
599616188746.0641,-266
599616188753.7565,-269
599616188761.4487,-274
599616188769.1411,-271
599616188776.8334,-264
599616188784.5256,-264
599616188792.218,-264
599616188799.9103,-262
599616188807.6027,-262
599616188815.2949,-257
599616188822.9872,-254
599616188830.6796,-257
599616188838.3718,-257
599616188846.0641,-254
599616188853.7565,-252
599616188861.4487,-254
599616188869.1411,-250
599616188876.8334,-250
599616188884.5256,-250
599616188892.218,-247
599616188899.9103,-245
599616188907.6027,-245
599616188915.2949,-250
599616188922.9872,-259
599616188930.6796,-262
599616188938.3718,-252
599616188946.0641,-228
599616188953.7565,-199
599616188961.4487,-189
599616188969.1411,-206
599616188976.8334,-223
599616188984.5256,-228
599616188992.218,-235
599616188999.9103,-254
599616189007.6027,-266
599616189015.2949,-264
599616189022.9872,-262
599616189030.6796,-259
599616189038.0543,-254
599616189045.7466,-252
599616189053.439,-254
599616189061.1312,-269
599616189068.8236,-327
599616189076.5159,-367
599616189084.2081,-158
599616189091.9005,355
599616189099.5928,822
599616189107.285,548
599616189114.9774,-459
599616189122.6697,-884
599616189130.362,-442
599616189138.0543,-266
599616189145.7466,-384
599616189153.439,-298
599616189161.1312,-228
599616189168.8236,-278
599616189176.5159,-269
599616189184.2081,-233
599616189191.9005,-238
599616189199.5928,-235
599616189207.285,-216
599616189214.9774,-209
599616189222.6697,-204
599616189230.362,-197
599616189238.0543,-194
599616189245.7466,-192
599616189253.439,-180
599616189261.1312,-165
599616189268.8236,-146
599616189276.5159,-129
599616189284.2081,-120
599616189291.9005,-103
599616189299.5928,-86
599616189307.285,-76
599616189314.9774,-69
599616189322.6697,-72
599616189330.362,-81
599616189338.0543,-93
599616189345.7466,-113
599616189353.439,-146
599616189361.1312,-187
599616189368.8236,-228
599616189376.5159,-264
599616189384.2081,-286
599616189391.9005,-303
599616189399.5928,-317
599616189407.285,-312
599616189414.9774,-305
599616189422.6697,-312
599616189430.362,-312
599616189438.0543,-300
599616189445.7466,-300
599616189453.439,-305
599616189461.1312,-300
599616189468.8236,-293
599616189476.5159,-295
599616189484.2081,-295
599616189491.9005,-293
599616189499.5928,-290
599616189507.285,-293
599616189514.9774,-295
599616189522.6697,-290
599616189530.362,-288
599616189538.0543,-290
599616189545.7466,-293
599616189553.439,-290
599616189561.1312,-290
599616189568.8236,-290
599616189576.5159,-288
599616189584.2081,-290
599616189591.9005,-293
599616189599.3007,-288
599616189606.9929,-288
599616189614.6853,-290
599616189622.3776,-288
599616189630.07,-290
599616189637.7622,-298
599616189645.4545,-293
599616189653.1469,-286
599616189660.8391,-286
599616189668.5314,-286
599616189676.2238,-278
599616189683.916,-278
599616189691.6084,-283
599616189699.3007,-286
599616189706.9929,-281
599616189714.6853,-278
599616189722.3776,-276
599616189730.07,-274
599616189737.7622,-274
599616189745.4545,-281
599616189753.1469,-259
599616189760.8391,-216
599616189768.5314,-206
599616189776.2238,-235
599616189783.916,-247
599616189791.6084,-242
599616189799.3007,-252
599616189806.9929,-278
599616189814.6853,-290
599616189822.3776,-286
599616189830.07,-283
599616189837.7622,-283
599616189845.4545,-286
599616189853.1469,-283
599616189860.8391,-278
599616189868.5314,-290
599616189876.2238,-351
599616189883.916,-387
599616189891.6084,-163
599616189899.3007,372
599616189906.9929,836
599616189914.6853,490
599616189922.3776,-572
599616189930.07,-930
599616189937.7622,-437
599616189945.4545,-295
599616189953.1469,-418
599616189960.8391,-307
599616189968.5314,-245
599616189976.2238,-300
599616189983.916,-286
599616189991.6084,-250
599616189999.3007,-262
599616190006.9929,-259
599616190014.6853,-238
599616190022.3776,-230
599616190030.07,-228
599616190037.7622,-211
599616190045.4545,-204
599616190053.1469,-197
599616190060.8391,-180
599616190068.5314,-165
599616190076.2238,-153
599616190083.916,-137
599616190091.6084,-117
599616190099.3007,-101
599616190106.9929,-81
599616190114.6853,-67
599616190122.3776,-62
599616190130.07,-62
599616190137.7622,-67
599616190145.4545,-84
599616190153.1469,-108
599616190160.5267,-146
599616190168.219,-194
599616190175.9114,-238
599616190183.6036,-274
599616190191.296,-303
599616190198.9883,-319
599616190206.6805,-329
599616190214.3729,-334
599616190222.0652,-331
599616190229.7574,-331
599616190237.4498,-329
599616190245.1421,-315
599616190252.8345,-310
599616190260.5267,-307
599616190268.219,-305
599616190275.9114,-312
599616190283.6036,-310
599616190291.296,-298
599616190298.9883,-295
599616190306.6805,-300
599616190314.3729,-293
599616190322.0652,-293
599616190329.7574,-300
599616190337.4498,-293
599616190345.1421,-288
599616190352.8345,-298
599616190360.5267,-300
599616190368.219,-288
599616190375.9114,-286
599616190383.6036,-290
599616190391.296,-295
599616190398.9883,-293
599616190406.6805,-290
599616190414.3729,-290
599616190422.0652,-290
599616190429.7574,-288
599616190437.4498,-283
599616190445.1421,-281
599616190452.8345,-278
599616190460.5267,-281
599616190468.219,-281
599616190475.9114,-283
599616190483.6036,-283
599616190491.296,-278
599616190498.9883,-274
599616190506.6805,-271
599616190514.3729,-276
599616190522.0652,-278
599616190529.7574,-264
599616190537.4498,-240
599616190545.1421,-216
599616190552.8345,-216
599616190560.5267,-238
599616190568.219,-247
599616190575.9114,-235
599616190583.6036,-242
599616190591.296,-281
599616190598.9883,-293
599616190606.6805,-281
599616190614.3729,-278
599616190622.0652,-281
599616190629.7574,-278
599616190637.4498,-274
599616190645.1421,-271
599616190652.8345,-300
599616190660.5267,-370
599616190668.219,-358
599616190675.9114,-24
599616190683.6036,569
599616190691.296,882
599616190698.9883,221
599616190706.6805,-820
599616190714.3729,-827
599616190721.7527,-329
599616190729.445,-348
599616190737.1373,-406
599616190744.8296,-269
599616190752.522,-264
599616190760.2142,-305
599616190767.9065,-264
599616190775.5989,-245
599616190783.2911,-259
599616190790.9834,-250
599616190798.6758,-238
599616190806.368,-233
599616190814.0604,-226
599616190821.7527,-211
599616190829.445,-199
599616190837.1373,-192
599616190844.8296,-177
599616190852.522,-163
599616190860.2142,-149
599616190867.9065,-129
599616190875.5989,-110
599616190883.2911,-96
599616190890.9834,-69
599616190898.6758,-52
599616190906.368,-60
599616190914.0604,-64
599616190921.7527,-64
599616190929.445,-79
599616190937.1373,-113
599616190944.8296,-158
599616190952.522,-209
599616190960.2142,-257
599616190967.9065,-288
599616190975.5989,-303
599616190983.2911,-322
599616190990.9834,-339
599616190998.6758,-329
599616191006.368,-317
599616191014.0604,-324
599616191021.7527,-319
599616191029.445,-310
599616191037.1373,-322
599616191044.8296,-315
599616191052.522,-295
599616191060.2142,-300
599616191067.9065,-307
599616191075.5989,-298
599616191083.2911,-290
599616191090.9834,-295
599616191098.6758,-295
599616191106.368,-290
599616191114.0604,-288
599616191121.7527,-283
599616191129.445,-283
599616191137.1373,-288
599616191144.8296,-283
599616191152.522,-286
599616191160.2142,-293
599616191167.9065,-286
599616191175.5989,-274
599616191183.2911,-276
599616191190.9834,-278
599616191198.6758,-269
599616191206.368,-271
599616191214.0604,-278
599616191221.7527,-274
599616191229.445,-271
599616191237.1373,-274
599616191244.8296,-269
599616191252.522,-259
599616191260.2142,-266
599616191267.9065,-286
599616191275.5989,-276
599616191282.9786,-252
599616191290.6709,-247
599616191298.3633,-233
599616191306.0555,-209
599616191313.7479,-221
599616191321.4402,-238
599616191329.1324,-235
599616191336.8248,-240
599616191344.5171,-262
599616191352.2094,-281
599616191359.9017,-286
599616191367.594,-271
599616191375.2864,-264
599616191382.9786,-274
599616191390.6709,-278
599616191398.3633,-274
599616191406.0555,-276
599616191413.7479,-334
599616191421.4402,-377
599616191429.1324,-158
599616191436.8248,375
599616191444.5171,863
599616191452.2094,555
599616191459.9017,-541
599616191467.594,-952
599616191475.2864,-447
599616191482.9786,-288
599616191490.6709,-423
599616191498.3633,-305
599616191506.0555,-235
599616191513.7479,-298
599616191521.4402,-274
599616191529.1324,-233
599616191536.8248,-254
599616191544.5171,-254
599616191552.2094,-223
599616191559.9017,-221
599616191567.594,-228
599616191575.2864,-214
599616191582.9786,-194
599616191590.6709,-187
599616191598.3633,-185
599616191606.0555,-163
599616191613.7479,-139
599616191621.4402,-127
599616191629.1324,-110
599616191636.8248,-81
599616191644.5171,-60
599616191652.2094,-52
599616191659.9017,-50
599616191667.594,-48
599616191675.2864,-50
599616191682.9786,-62
599616191690.6709,-91
599616191698.3633,-144
599616191706.0555,-194
599616191713.7479,-230
599616191721.4402,-264
599616191729.1324,-298
599616191736.8248,-317
599616191744.5171,-317
599616191752.2094,-317
599616191759.9017,-317
599616191767.594,-312
599616191775.2864,-310
599616191782.9786,-310
599616191790.6709,-312
599616191798.3633,-305
599616191806.0555,-300
599616191813.7479,-298
599616191821.4402,-293
599616191829.1324,-288
599616191836.8248,-290
599616191844.2201,-290
599616191851.9124,-286
599616191859.6047,-278
599616191867.297,-286
599616191874.9894,-290
599616191882.6816,-278
599616191890.3739,-276
599616191898.0663,-288
599616191905.7585,-288
599616191913.4508,-281
599616191921.1432,-274
599616191928.8354,-269
599616191936.5278,-274
599616191944.2201,-278
599616191951.9124,-274
599616191959.6047,-269
599616191967.297,-269
599616191974.9894,-269
599616191982.6816,-264
599616191990.3739,-264
599616191998.0663,-264
599616192005.7585,-259
599616192013.4508,-264
599616192021.1432,-271
599616192028.8354,-266
599616192036.5278,-252
599616192044.2201,-228
599616192051.9124,-199
599616192059.6047,-194
599616192067.297,-221
599616192074.9894,-230
599616192082.6816,-226
599616192090.3739,-240
599616192098.0663,-269
599616192105.7585,-266
599616192113.4508,-254
599616192121.1432,-259
599616192128.8354,-259
599616192136.5278,-247
599616192144.2201,-250
599616192151.9124,-262
599616192159.6047,-305
599616192167.297,-372
599616192174.9894,-259
599616192182.6816,209
599616192190.3739,795
599616192198.0663,832
599616192205.7585,-105
599616192213.4508,-918
599616192221.1432,-622
599616192228.8354,-250
599616192236.5278,-360
599616192244.2201,-339
599616192251.9124,-223
599616192259.6047,-264
599616192267.297,-283
599616192274.9894,-235
599616192282.6816,-235
599616192290.3739,-245
599616192298.0663,-221
599616192305.7585,-211
599616192313.4508,-216
599616192321.1432,-206
599616192328.8354,-189
599616192336.5278,-180
599616192344.2201,-170
599616192351.9124,-158
599616192359.6047,-149
599616192367.297,-129
599616192374.9894,-101
599616192382.6816,-84
599616192390.3739,-69
599616192398.0663,-57
599616192405.4613,-48
599616192413.1536,-43
599616192420.846,-45
599616192428.5382,-57
599616192436.2306,-81
599616192443.9229,-117
599616192451.6151,-163
599616192459.3075,-206
599616192466.9998,-242
599616192474.692,-271
599616192482.3844,-290
599616192490.0767,-295
599616192497.769,-303
599616192505.4613,-310
599616192513.1536,-300
599616192520.846,-290
599616192528.5382,-286
599616192536.2306,-283
599616192543.9229,-286
599616192551.6151,-283
599616192559.3075,-278
599616192566.9998,-274
599616192574.692,-271
599616192582.3844,-266
599616192590.0767,-266
599616192597.769,-266
599616192605.4613,-264
599616192613.1536,-264
599616192620.846,-264
599616192628.5382,-259
599616192636.2306,-259
599616192643.9229,-264
599616192651.6151,-262
599616192659.3075,-259
599616192666.9998,-259
599616192674.692,-257
599616192682.3844,-254
599616192690.0767,-252
599616192697.769,-252
599616192705.4613,-250
599616192713.1536,-250
599616192720.846,-250
599616192728.5382,-247
599616192736.2306,-245
599616192743.9229,-245
599616192751.6151,-245
599616192759.3075,-242
599616192766.9998,-240
599616192774.692,-240
599616192782.3844,-240
599616192790.0767,-242
599616192797.769,-247
599616192805.4613,-250
599616192813.1536,-240
599616192820.846,-214
599616192828.5382,-180
599616192836.2306,-180
599616192843.9229,-206
599616192851.6151,-214
599616192859.3075,-211
599616192866.9998,-226
599616192874.692,-247
599616192882.3844,-252
599616192890.0767,-242
599616192897.769,-240
599616192905.4613,-245
599616192913.1536,-245
599616192920.846,-240
599616192928.5382,-245
599616192936.2306,-288
599616192943.9229,-365
599616192951.6151,-278
599616192959.3075,156
599616192966.6874,738
599616192974.3796,863
599616192982.072,40
599616192989.7643,-846
599616192997.4567,-668
599616193005.1489,-250
599616193012.8412,-331
599616193020.5336,-355
599616193028.2258,-240
599616193035.9181,-259
599616193043.6105,-286
599616193051.3027,-247
599616193058.9951,-238
599616193066.6874,-247
599616193074.3796,-233
599616193082.072,-216
599616193089.7643,-214
599616193097.4567,-206
599616193105.1489,-199
599616193112.8412,-192
599616193120.5336,-177
599616193128.2258,-163
599616193135.9181,-149
599616193143.6105,-132
599616193151.3027,-113
599616193158.9951,-96
599616193166.6874,-76
599616193174.3796,-64
599616193182.072,-55
599616193189.7643,-48
599616193197.4567,-48
599616193205.1489,-57
599616193212.8412,-74
599616193220.5336,-103
599616193228.2258,-146
599616193235.9181,-192
599616193243.6105,-228
599616193251.3027,-257
599616193258.9951,-276
599616193266.6874,-286
599616193274.3796,-288
599616193282.072,-288
599616193289.7643,-283
599616193297.4567,-278
599616193305.1489,-278
599616193312.8412,-278
599616193320.5336,-271
599616193328.2258,-269
599616193335.9181,-269
599616193343.6105,-266
599616193351.3027,-266
599616193358.9951,-269
599616193366.6874,-269
599616193374.3796,-269
599616193382.072,-266
599616193389.7643,-262
599616193397.4567,-264
599616193405.1489,-266
599616193412.8412,-264
599616193420.5336,-262
599616193428.2258,-259
599616193435.9181,-259
599616193443.6105,-259
599616193451.3027,-259
599616193458.9951,-259
599616193466.6874,-259
599616193474.3796,-257
599616193482.072,-257
599616193489.7643,-254
599616193497.4567,-254
599616193505.1489,-257
599616193512.8412,-259
599616193520.5336,-254
599616193527.9133,-252
599616193535.6056,-254
599616193543.298,-252
599616193550.9902,-250
599616193558.6826,-252
599616193566.3749,-250
599616193574.0671,-245
599616193581.7595,-247
599616193589.4518,-252
599616193597.144,-254
599616193604.8364,-247
599616193612.5287,-216
599616193620.2211,-182
599616193627.9133,-185
599616193635.6056,-211
599616193643.298,-218
599616193650.9902,-216
599616193658.6826,-233
599616193666.3749,-252
599616193674.0671,-252
599616193681.7595,-242
599616193689.4518,-245
599616193697.144,-247
599616193704.8364,-245
599616193712.5287,-242
599616193720.2211,-247
599616193727.9133,-286
599616193735.6056,-358
599616193743.298,-274
599616193750.9902,151
599616193758.6826,721
599616193766.3749,832
599616193774.0671,21
599616193781.7595,-834
599616193789.4518,-654
599616193797.144,-250
599616193804.8364,-324
599616193812.5287,-343
599616193820.2211,-235
599616193827.9133,-259
599616193835.6056,-286
599616193843.298,-242
599616193850.9902,-233
599616193858.6826,-240
599616193866.3749,-226
599616193874.0671,-218
599616193881.7595,-221
599616193889.4518,-209
599616193897.144,-197
599616193904.8364,-189
599616193912.5287,-185
599616193920.2211,-173
599616193927.9133,-156
599616193935.6056,-141
599616193943.298,-125
599616193950.9902,-105
599616193958.6826,-88
599616193966.3749,-76
599616193974.0671,-64
599616193981.7595,-60
599616193989.4518,-62
599616193997.144,-69
599616194004.8364,-86
599616194012.5287,-120
599616194020.2211,-165
599616194027.9133,-206
599616194035.6056,-240
599616194043.298,-266
599616194050.9902,-283
599616194058.6826,-290
599616194066.3749,-295
599616194074.0671,-293
599616194081.7595,-288
599616194089.1648,-286
599616194096.857,-283
599616194104.5494,-281
599616194112.2417,-276
599616194119.9341,-274
599616194127.6263,-276
599616194135.3186,-276
599616194143.011,-276
599616194150.7032,-274
599616194158.3955,-271
599616194166.0879,-269
599616194173.7802,-266
599616194181.4725,-266
599616194189.1648,-269
599616194196.857,-269
599616194204.5494,-266
599616194212.2417,-264
599616194219.9341,-264
599616194227.6263,-264
599616194235.3186,-266
599616194243.011,-266
599616194250.7032,-264
599616194258.3955,-262
599616194266.0879,-262
599616194273.7802,-262
599616194281.4725,-262
599616194289.1648,-262
599616194296.857,-262
599616194304.5494,-259
599616194312.2417,-257
599616194319.9341,-257
599616194327.6263,-252
599616194335.3186,-252
599616194343.011,-254
599616194350.7032,-252
599616194358.3955,-245
599616194366.0879,-245
599616194373.7802,-245
599616194381.4725,-245
599616194389.1648,-242
599616194396.857,-245
599616194404.5494,-250
599616194412.2417,-250
599616194419.9341,-247
599616194427.6263,-226
599616194435.3186,-192
599616194443.011,-177
599616194450.7032,-197
599616194458.3955,-211
599616194466.0879,-214
599616194473.7802,-228
599616194481.4725,-247
599616194489.1648,-252
599616194496.857,-247
599616194504.5494,-250
599616194512.2417,-250
599616194519.9341,-252
599616194527.6263,-257
599616194535.3186,-254
599616194543.011,-269
599616194550.7032,-336
599616194558.3955,-353
599616194566.0879,-76
599616194573.7802,468
599616194581.4725,863
599616194589.1648,447
599616194596.857,-569
599616194604.5494,-839
599616194612.2417,-372
599616194619.9341,-269
599616194627.6263,-372
599616194635.3186,-274
599616194643.011,-233
599616194650.3959,-283
599616194658.0881,-262
599616194665.7805,-230
599616194673.4728,-240
599616194681.1652,-235
599616194688.8574,-221
599616194696.5497,-218
599616194704.2421,-216
599616194711.9343,-206
599616194719.6266,-197
599616194727.319,-189
599616194735.0112,-180
599616194742.7036,-163
599616194750.3959,-149
599616194758.0881,-132
599616194765.7805,-115
599616194773.4728,-96
599616194781.1652,-84
599616194788.8574,-69
599616194796.5497,-62
599616194804.2421,-64
599616194811.9343,-74
599616194819.6266,-84
599616194827.319,-101
599616194835.0112,-134
599616194842.7036,-180
599616194850.3959,-218
599616194858.0881,-245
599616194865.7805,-266
599616194873.4728,-281
599616194881.1652,-288
599616194888.8574,-293
599616194896.5497,-290
599616194904.2421,-286
599616194911.9343,-283
599616194919.6266,-278
599616194927.319,-274
599616194935.0112,-274
599616194942.7036,-274
599616194950.3959,-271
599616194958.0881,-269
599616194965.7805,-266
599616194973.4728,-264
599616194981.1652,-266
599616194988.8574,-269
599616194996.5497,-269
599616195004.2421,-266
599616195011.9343,-264
599616195019.6266,-269
599616195027.319,-274
599616195035.0112,-269
599616195042.7036,-266
599616195050.3959,-269
599616195058.0881,-266
599616195065.7805,-264
599616195073.4728,-266
599616195081.1652,-264
599616195088.8574,-264
599616195096.5497,-262
599616195104.2421,-262
599616195111.9343,-259
599616195119.6266,-259
599616195127.319,-254
599616195135.0112,-252
599616195142.7036,-252
599616195150.3959,-250
599616195158.0881,-250
599616195165.7805,-252
599616195173.4728,-250
599616195181.1652,-242
599616195188.8574,-245
599616195196.5497,-247
599616195204.2421,-242
599616195211.6371,-240
599616195219.3293,-245
599616195227.0217,-250
599616195234.714,-247
599616195242.4064,-226
599616195250.0986,-189
599616195257.7909,-177
599616195265.4833,-202
599616195273.1755,-223
599616195280.8678,-221
599616195288.5602,-228
599616195296.2524,-250
599616195303.9448,-257
599616195311.6371,-252
599616195319.3293,-250
599616195327.0217,-250
599616195334.714,-245
599616195342.4064,-240
599616195350.0986,-247
599616195357.7909,-269
599616195365.4833,-334
599616195373.1755,-346
599616195380.8678,-64
599616195388.5602,483
599616195396.2524,853
599616195403.9448,394
599616195411.6371,-610
599616195419.3293,-824
599616195427.0217,-351
599616195434.714,-269
599616195442.4064,-365
599616195450.0986,-266
599616195457.7909,-235
599616195465.4833,-283
599616195473.1755,-259
599616195480.8678,-228
599616195488.5602,-238
599616195496.2524,-233
599616195503.9448,-216
599616195511.6371,-216
599616195519.3293,-214
599616195527.0217,-204
599616195534.714,-194
599616195542.4064,-182
599616195550.0986,-170
599616195557.7909,-158
599616195565.4833,-141
599616195573.1755,-125
599616195580.8678,-108
599616195588.5602,-91
599616195596.2524,-72
599616195603.9448,-62
599616195611.6371,-62
599616195619.3293,-62
599616195627.0217,-67
599616195634.714,-79
599616195642.4064,-101
599616195650.0986,-132
599616195657.7909,-173
599616195665.4833,-211
599616195673.1755,-242
599616195680.8678,-269
599616195688.5602,-283
599616195696.2524,-286
599616195703.9448,-286
599616195711.6371,-286
599616195719.3293,-286
599616195727.0217,-283
599616195734.714,-278
599616195742.4064,-274
599616195750.0986,-274
599616195757.7909,-271
599616195765.4833,-271
599616195772.8784,-269
599616195780.5707,-264
599616195788.2631,-262
599616195795.9553,-262
599616195803.6477,-266
599616195811.34,-266
599616195819.0322,-262
599616195826.7246,-262
599616195834.4169,-262
599616195842.1091,-259
599616195849.8015,-259
599616195857.4938,-264
599616195865.1862,-264
599616195872.8784,-262
599616195880.5707,-259
599616195888.2631,-259
599616195895.9553,-264
599616195903.6477,-266
599616195911.34,-262
599616195919.0322,-254
599616195926.7246,-250
599616195934.4169,-254
599616195942.1091,-257
599616195949.8015,-254
599616195957.4938,-250
599616195965.1862,-247
599616195972.8784,-247
599616195980.5707,-245
599616195988.2631,-245
599616195995.9553,-242
599616196003.6477,-242
599616196011.34,-245
599616196019.0322,-250
599616196026.7246,-254
599616196034.4169,-254
599616196042.1091,-230
599616196049.8015,-192
599616196057.4938,-180
599616196065.1862,-204
599616196072.8784,-214
599616196080.5707,-211
599616196088.2631,-228
599616196095.9553,-254
599616196103.6477,-259
599616196111.34,-247
599616196119.0322,-247
599616196126.7246,-252
599616196134.4169,-245
599616196142.1091,-240
599616196149.8015,-250
599616196157.4938,-278
599616196165.1862,-341
599616196172.8784,-293
599616196180.5707,69
599616196188.2631,613
599616196195.9553,808
599616196203.6477,110
599616196211.34,-800
599616196219.0322,-723
599616196226.7246,-281
599616196234.4169,-317
599616196242.1091,-355
599616196249.8015,-242
599616196257.4938,-250
599616196265.1862,-281
599616196272.8784,-242
599616196280.5707,-233
599616196288.2631,-240
599616196295.9553,-226
599616196303.6477,-216
599616196311.34,-216
599616196319.0322,-206
599616196326.7246,-197
599616196334.1045,-187
599616196341.7968,-177
599616196349.4891,-173
599616196357.1814,-158
599616196364.8738,-134
599616196372.566,-115
599616196380.2583,-98
599616196387.9507,-86
599616196395.643,-76
599616196403.3352,-69
599616196411.0276,-67
599616196418.7198,-69
599616196426.4122,-79
599616196434.1045,-93
599616196441.7968,-117
599616196449.4891,-153
599616196457.1814,-199
599616196464.8738,-233
599616196472.566,-262
599616196480.2583,-288
599616196487.9507,-305
599616196495.643,-307
599616196503.3352,-307
599616196511.0276,-307
599616196518.7198,-307
599616196526.4122,-303
599616196534.1045,-303
599616196541.7968,-303
599616196549.4891,-298
599616196557.1814,-288
599616196564.8738,-288
599616196572.566,-293
599616196580.2583,-288
599616196587.9507,-283
599616196595.643,-286
599616196603.3352,-278
599616196611.0276,-278
599616196618.7198,-283
599616196626.4122,-278
599616196634.1045,-276
599616196641.7968,-278
599616196649.4891,-276
599616196657.1814,-274
599616196664.8738,-281
599616196672.566,-281
599616196680.2583,-276
599616196687.9507,-276
599616196695.643,-278
599616196703.3352,-281
599616196711.0276,-276
599616196718.7198,-271
599616196726.4122,-271
599616196734.1045,-278
599616196741.7968,-271
599616196749.4891,-259
599616196757.1814,-264
599616196764.8738,-271
599616196772.566,-266
599616196780.2583,-266
599616196787.9507,-274
599616196795.643,-276
599616196803.3352,-274
599616196811.0276,-262
599616196818.7198,-235
599616196826.4122,-209
599616196834.1045,-206
599616196841.7968,-223
599616196849.4891,-233
599616196857.1814,-235
599616196864.8738,-254
599616196872.566,-274
599616196880.2583,-278
599616196887.9507,-271
599616196895.3304,-264
599616196903.0227,-262
599616196910.7151,-264
599616196918.4073,-266
599616196926.0997,-264
599616196933.792,-298
599616196941.4843,-375
599616196949.1766,-315
599616196956.8689,69
599616196964.5612,630
599616196972.2535,786
599616196979.9458,4
599616196987.6382,-889
599616196995.3304,-731
599616197003.0227,-293
599616197010.7151,-351
599616197018.4073,-367
599616197026.0997,-250
599616197033.792,-266
599616197041.4843,-293
599616197049.1766,-252
599616197056.8689,-240
599616197064.5612,-247
599616197072.2535,-238
599616197079.9458,-223
599616197087.6382,-216
599616197095.3304,-209
599616197103.0227,-202
599616197110.7151,-189
599616197118.4073,-175
599616197126.0997,-165
599616197133.792,-151
599616197141.4843,-134
599616197149.1766,-113
599616197156.8689,-93
599616197164.5612,-76
599616197172.2535,-67
599616197179.9458,-60
599616197187.6382,-52
599616197195.3304,-55
599616197203.0227,-69
599616197210.7151,-79
599616197218.4073,-105
599616197226.0997,-156
599616197233.792,-202
599616197241.4843,-235
599616197249.1766,-266
599616197256.8689,-288
599616197264.5612,-298
599616197272.2535,-305
599616197279.9458,-307
599616197287.6382,-300
599616197295.3304,-298
599616197303.0227,-295
599616197310.7151,-290
599616197318.4073,-286
599616197326.0997,-281
599616197333.792,-278
599616197341.4843,-281
599616197349.1766,-278
599616197356.8689,-269
599616197364.5612,-269
599616197372.2535,-271
599616197379.9458,-271
599616197387.6382,-271
599616197395.3304,-271
599616197403.0227,-266
599616197410.7151,-266
599616197418.4073,-269
599616197426.0997,-269
599616197433.792,-266
599616197441.4843,-266
599616197449.1766,-269
599616197456.5819,-266
599616197464.2742,-262
599616197471.9666,-264
599616197479.6588,-266
599616197487.3512,-264
599616197495.0435,-262
599616197502.7357,-257
599616197510.4281,-257
599616197518.1204,-259
599616197525.8126,-259
599616197533.505,-250
599616197541.1973,-250
599616197548.8896,-254
599616197556.5819,-254
599616197564.2742,-257
599616197571.9666,-259
599616197579.6588,-252
599616197587.3512,-247
599616197595.0435,-245
599616197602.7357,-221
599616197610.4281,-189
599616197618.1204,-189
599616197625.8126,-211
599616197633.505,-218
599616197641.1973,-218
599616197648.8896,-238
599616197656.5819,-259
599616197664.2742,-257
599616197671.9666,-247
599616197679.6588,-247
599616197687.3512,-250
599616197695.0435,-245
599616197702.7357,-247
599616197710.4281,-257
599616197718.1204,-312
599616197725.8126,-365
599616197733.505,-175
599616197741.1973,334
599616197748.8896,817
599616197756.5819,589
599616197764.2742,-416
599616197771.9666,-904
599616197779.6588,-471
599616197787.3512,-254
599616197795.0435,-372
599616197802.7357,-295
599616197810.4281,-221
599616197818.1204,-271
599616197825.8126,-266
599616197833.505,-230
599616197841.1973,-235
599616197848.8896,-235
599616197856.5819,-214
599616197864.2742,-209
599616197871.9666,-206
599616197879.6588,-199
599616197887.3512,-192
599616197895.0435,-180
599616197902.7357,-165
599616197910.4281,-151
599616197918.1204,-139
599616197925.8126,-125
599616197933.505,-105
599616197941.1973,-86
599616197948.8896,-72
599616197956.5819,-62
599616197964.2742,-60
599616197971.9666,-60
599616197979.6588,-64
599616197987.3512,-74
599616197995.0435,-93
599616198002.7357,-127
599616198010.4281,-170
599616198017.813,-211
599616198025.5052,-240
599616198033.1976,-264
599616198040.8899,-283
599616198048.5823,-295
599616198056.2745,-303
599616198063.9668,-300
599616198071.6592,-295
599616198079.3514,-293
599616198087.0437,-286
599616198094.7361,-281
599616198102.4283,-283
599616198110.1207,-283
599616198117.813,-276
599616198125.5052,-271
599616198133.1976,-274
599616198140.8899,-271
599616198148.5823,-271
599616198156.2745,-271
599616198163.9668,-266
599616198171.6592,-264
599616198179.3514,-264
599616198187.0437,-264
599616198194.7361,-264
599616198202.4283,-264
599616198210.1207,-264
599616198217.813,-264
599616198225.5052,-264
599616198233.1976,-262
599616198240.8899,-264
599616198248.5823,-264
599616198256.2745,-262
599616198263.9668,-257
599616198271.6592,-257
599616198279.3514,-257
599616198287.0437,-259
599616198294.7361,-254
599616198302.4283,-252
599616198310.1207,-252
599616198317.813,-247
599616198325.5052,-247
599616198333.1976,-250
599616198340.8899,-250
599616198348.5823,-252
599616198356.2745,-254
599616198363.9668,-245
599616198371.6592,-218
599616198379.3514,-189
599616198387.0437,-187
599616198394.7361,-206
599616198402.4283,-216
599616198410.1207,-216
599616198417.813,-238
599616198425.5052,-259
599616198433.1976,-254
599616198440.8899,-245
599616198448.5823,-247
599616198456.2745,-250
599616198463.9668,-245
599616198471.6592,-245
599616198479.3514,-254
599616198487.0437,-310
599616198494.7361,-365
599616198502.4283,-187
599616198510.1207,307
599616198517.813,793
599616198525.5052,622
599616198533.1976,-339
599616198540.8899,-882
599616198548.5823,-488
599616198556.2745,-242
599616198563.9668,-360
599616198571.6592,-303
599616198579.0543,-226
599616198586.7466,-274
599616198594.439,-271
599616198602.1312,-235
599616198609.8236,-240
599616198617.5159,-240
599616198625.2081,-221
599616198632.9005,-218
599616198640.5928,-218
599616198648.285,-209
599616198655.9774,-194
599616198663.6697,-185
599616198671.362,-177
599616198679.0543,-163
599616198686.7466,-149
599616198694.439,-132
599616198702.1312,-115
599616198709.8236,-98
599616198717.5159,-84
599616198725.2081,-72
599616198732.9005,-64
599616198740.5928,-64
599616198748.285,-69
599616198755.9774,-76
599616198763.6697,-98
599616198771.362,-132
599616198779.0543,-173
599616198786.7466,-209
599616198794.439,-242
599616198802.1312,-269
599616198809.8236,-283
599616198817.5159,-288
599616198825.2081,-290
599616198832.9005,-293
599616198840.5928,-286
599616198848.285,-281
599616198855.9774,-281
599616198863.6697,-278
599616198871.362,-276
599616198879.0543,-274
599616198886.7466,-271
599616198894.439,-266
599616198902.1312,-266
599616198909.8236,-266
599616198917.5159,-264
599616198925.2081,-264
599616198932.9005,-262
599616198940.5928,-262
599616198948.285,-262
599616198955.9774,-262
599616198963.6697,-262
599616198971.362,-259
599616198979.0543,-262
599616198986.7466,-264
599616198994.439,-262
599616199002.1312,-262
599616199009.8236,-259
599616199017.5159,-257
599616199025.2081,-257
599616199032.9005,-257
599616199040.5928,-257
599616199048.285,-254
599616199055.9774,-257
599616199063.6697,-259
599616199071.362,-254
599616199079.0543,-250
599616199086.7466,-254
599616199094.439,-259
599616199102.1312,-259
599616199109.8236,-259
599616199117.5159,-238
599616199125.2081,-197
599616199132.9005,-180
599616199140.2955,-199
599616199147.9878,-214
599616199155.6802,-214
599616199163.3724,-230
599616199171.0648,-252
599616199178.7571,-259
599616199186.4493,-252
599616199194.1417,-250
599616199201.834,-252
599616199209.5262,-252
599616199217.2186,-247
599616199224.9109,-252
599616199232.6033,-290
599616199240.2955,-358
599616199247.9878,-286
599616199255.6802,117
599616199263.3724,663
599616199271.0648,771
599616199278.7571,-12
599616199286.4493,-839
599616199294.1417,-656
599616199301.834,-257
599616199309.5262,-324
599616199317.2186,-336
599616199324.9109,-228
599616199332.6033,-247
599616199340.2955,-274
599616199347.9878,-233
599616199355.6802,-223
599616199363.3724,-235
599616199371.0648,-221
599616199378.7571,-209
599616199386.4493,-206
599616199394.1417,-197
599616199401.834,-192
599616199409.5262,-187
599616199417.2186,-175
599616199424.9109,-158
599616199432.6033,-144
599616199440.2955,-129
599616199447.9878,-120
599616199455.6802,-105
599616199463.3724,-84
599616199471.0648,-67
599616199478.7571,-60
599616199486.4493,-60
599616199494.1417,-67
599616199501.834,-76
599616199509.5262,-93
599616199517.2186,-120
599616199524.9109,-156
599616199532.6033,-197
599616199540.2955,-233
599616199547.9878,-262
599616199555.6802,-281
599616199563.3724,-290
599616199571.0648,-298
599616199578.7571,-298
599616199586.4493,-290
599616199594.1417,-290
599616199601.834,-290
599616199609.5262,-286
599616199617.2186,-281
599616199624.9109,-278
599616199632.6033,-276
599616199640.2955,-276
599616199647.9878,-278
599616199655.6802,-269
599616199663.3724,-262
599616199671.0648,-264
599616199678.7571,-269
599616199686.4493,-269
599616199694.1417,-266
599616199701.5216,-264
599616199709.2139,-264
599616199716.9062,-264
599616199724.5985,-266
599616199732.2909,-266
599616199739.9832,-264
599616199747.6754,-264
599616199755.3678,-266
599616199763.06,-264
599616199770.7523,-262
599616199778.4447,-264
599616199786.137,-264
599616199793.8293,-257
599616199801.5216,-250
599616199809.2139,-252
599616199816.9062,-259
599616199824.5985,-257
599616199832.2909,-250
599616199839.9832,-254
599616199847.6754,-266
599616199855.3678,-269
599616199863.06,-259
599616199870.7523,-226
599616199878.4447,-187
599616199886.137,-185
599616199893.8293,-209
599616199901.5216,-218
599616199909.2139,-226
599616199916.9062,-252
599616199924.5985,-269
599616199932.2909,-257
599616199939.9832,-257
599616199947.6754,-266
599616199955.3678,-262
599616199963.06,-252
599616199970.7523,-257
599616199978.4447,-269
599616199986.137,-322
599616199993.8293,-365
599616200001.5216,-165
599616200009.2139,343
599616200016.9062,803
599616200024.5985,509
599616200032.2909,-512
599616200039.9832,-918
599616200047.6754,-452
599616200055.3678,-274
599616200063.06,-399
599616200070.7523,-312
599616200078.4447,-245
599616200086.137,-295
599616200093.8293,-283
599616200101.5216,-247
599616200109.2139,-254
599616200116.9062,-254
599616200124.5985,-240
599616200132.2909,-235
599616200139.9832,-228
599616200147.6754,-218
599616200155.3678,-211
599616200163.06,-204
599616200170.7523,-189
599616200178.4447,-177
599616200186.137,-165
599616200193.8293,-153
599616200201.5216,-139
599616200209.2139,-117
599616200216.9062,-98
599616200224.5985,-91
599616200232.2909,-88
599616200239.9832,-91
599616200247.6754,-91
599616200255.3678,-98
599616200262.7477,-127
599616200270.44,-165
599616200278.1323,-202
599616200285.8246,-245
599616200293.517,-281
599616200301.2092,-307
599616200308.9015,-327
599616200316.5939,-336
599616200324.2861,-334
599616200331.9784,-339
599616200339.6708,-339
599616200347.363,-327
599616200355.0554,-319
599616200362.7477,-322
599616200370.44,-319
599616200378.1323,-310
599616200385.8246,-310
599616200393.517,-307
599616200401.2092,-303
599616200408.9015,-307
599616200416.5939,-303
599616200424.2861,-293
599616200431.9784,-300
599616200439.6708,-307
599616200447.363,-295
599616200455.0554,-288
599616200462.7477,-290
599616200470.44,-293
599616200478.1323,-295
599616200485.8246,-298
599616200493.517,-293
599616200501.2092,-288
599616200508.9015,-290
599616200516.5939,-293
599616200524.2861,-290
599616200531.9784,-286
599616200539.6708,-283
599616200547.363,-281
599616200555.0554,-281
599616200562.7477,-288
599616200570.44,-298
599616200578.1323,-295
599616200585.8246,-266
599616200593.517,-228
599616200601.2092,-216
599616200608.9015,-235
599616200616.5939,-250
599616200624.2861,-245
599616200631.9784,-254
599616200639.6708,-281
599616200647.363,-288
599616200655.0554,-276
599616200662.7477,-271
599616200670.44,-271
599616200678.1323,-278
599616200685.8246,-286
599616200693.517,-278
599616200701.2092,-307
599616200708.9015,-384
599616200716.5939,-312
599616200724.2861,105
599616200731.9784,690
599616200739.6708,795
599616200747.363,-81
599616200755.0554,-937
599616200762.7477,-690
599616200770.44,-286
599616200778.1323,-382
599616200785.8246,-365
599616200793.517,-235
599616200801.2092,-269
599616200808.9015,-300
599616200816.5939,-257
599616200823.9685,-247
599616200831.6608,-259
599616200839.3531,-238
599616200847.0454,-228
599616200854.7378,-235
599616200862.43,-223
599616200870.1223,-206
599616200877.8147,-202
599616200885.507,-189
599616200893.1992,-168
599616200900.8916,-161
599616200908.5839,-149
599616200916.2762,-122
599616200923.9685,-101
599616200931.6608,-96
599616200939.3531,-81
599616200947.0454,-64
599616200954.7378,-67
599616200962.43,-79
599616200970.1223,-86
599616200977.8147,-103
599616200985.507,-139
599616200993.1992,-194
599616201000.8916,-242
599616201008.5839,-269
599616201016.2762,-298
599616201023.9685,-334
599616201031.6608,-339
599616201039.3531,-334
599616201047.0454,-334
599616201054.7378,-334
599616201062.43,-339
599616201070.1223,-331
599616201077.8147,-319
599616201085.507,-319
599616201093.1992,-317
599616201100.8916,-310
599616201108.5839,-305
599616201116.2762,-310
599616201123.9685,-312
599616201131.6608,-303
599616201139.3531,-298
599616201147.0454,-300
599616201154.7378,-295
599616201162.43,-293
599616201170.1223,-295
599616201177.8147,-290
599616201185.507,-283
599616201193.1992,-283
599616201200.8916,-293
599616201208.5839,-293
599616201216.2762,-288
599616201223.9685,-286
599616201231.6608,-281
599616201239.3531,-283
599616201247.0454,-290
599616201254.7378,-288
599616201262.43,-283
599616201270.1223,-271
599616201277.8147,-238
599616201285.507,-214
599616201293.1992,-221
599616201300.8916,-235
599616201308.5839,-245
599616201316.2762,-254
599616201323.9685,-262
599616201331.6608,-271
599616201339.3531,-271
599616201347.0454,-264
599616201354.7378,-266
599616201362.43,-274
599616201370.1223,-269
599616201377.8147,-264
599616201385.1895,-276
599616201392.8817,-341
599616201400.5741,-389
599616201408.2664,-165
599616201415.9587,387
599616201423.651,868
599616201431.3433,514
599616201439.0356,-562
599616201446.7279,-918
599616201454.4202,-425
599616201462.1125,-290
599616201469.8048,-411
599616201477.4972,-290
599616201485.1895,-230
599616201492.8817,-295
599616201500.5741,-271
599616201508.2664,-228
599616201515.9587,-247
599616201523.651,-245
599616201531.3433,-221
599616201539.0356,-218
599616201546.7279,-214
599616201554.4202,-199
599616201562.1125,-194
599616201569.8048,-187
599616201577.4972,-170
599616201585.1895,-158
599616201592.8817,-151
599616201600.5741,-125
599616201608.2664,-98
599616201615.9587,-84
599616201623.651,-76
599616201631.3433,-74
599616201639.0356,-62
599616201646.7279,-48
599616201654.4202,-55
599616201662.1125,-81
599616201669.8048,-115
599616201677.4972,-153
599616201685.1895,-197
599616201692.8817,-233
599616201700.5741,-274
599616201708.2664,-303
599616201715.9587,-312
599616201723.651,-317
599616201731.3433,-315
599616201739.0356,-312
599616201746.7279,-317
599616201754.4202,-319
599616201762.1125,-307
599616201769.8048,-300
599616201777.4972,-305
599616201785.1895,-298
599616201792.8817,-286
599616201800.5741,-290
599616201808.2664,-295
599616201815.9587,-288
599616201823.651,-286
599616201831.3433,-286
599616201839.0356,-283
599616201846.7279,-281
599616201854.4202,-278
599616201862.1125,-281
599616201869.8048,-283
599616201877.4972,-276
599616201885.1895,-276
599616201892.8817,-283
599616201900.5741,-274
599616201908.2664,-271
599616201915.9587,-276
599616201923.651,-274
599616201931.3433,-281
599616201939.0356,-286
599616201946.4105,-276
599616201954.1028,-262
599616201961.7952,-240
599616201969.4874,-214
599616201977.1798,-211
599616201984.8721,-235
599616201992.5643,-245
599616202000.2567,-242
599616202007.949,-262
599616202015.6412,-278
599616202023.3336,-271
599616202031.0259,-257
599616202038.7183,-262
599616202046.4105,-269
599616202054.1028,-264
599616202061.7952,-269
599616202069.4874,-288
599616202077.1798,-353
599616202084.8721,-382
599616202092.5643,-113
599616202100.2567,468
599616202107.949,899
599616202115.6412,440
599616202123.3336,-642
599616202131.0259,-889
599616202138.7183,-379
599616202146.4105,-290
599616202154.1028,-401
599616202161.7952,-278
599616202169.4874,-228
599616202177.1798,-283
599616202184.8721,-266
599616202192.5643,-235
599616202200.2567,-242
599616202207.949,-233
599616202215.6412,-218
599616202223.3336,-223
599616202231.0259,-218
599616202238.7183,-197
599616202246.4105,-185
599616202254.1028,-182
599616202261.7952,-173
599616202269.4874,-156
599616202277.1798,-141
599616202284.8721,-127
599616202292.5643,-108
599616202300.2567,-84
599616202307.949,-67
599616202315.6412,-60
599616202323.3336,-55
599616202331.0259,-52
599616202338.7183,-64
599616202346.4105,-88
599616202354.1028,-113
599616202361.7952,-153
599616202369.4874,-202
599616202377.1798,-240
599616202384.8721,-266
599616202392.5643,-293
599616202400.2567,-310
599616202407.949,-315
599616202415.6412,-312
599616202423.3336,-307
599616202431.0259,-300
599616202438.7183,-298
599616202446.4105,-295
599616202454.1028,-290
599616202461.7952,-286
599616202469.4874,-286
599616202477.1798,-283
599616202484.8721,-278
599616202492.5643,-274
599616202500.2567,-274
599616202507.6517,-271
599616202515.344,-271
599616202523.0364,-274
599616202530.7286,-269
599616202538.421,-269
599616202546.1133,-269
599616202553.8055,-266
599616202561.4979,-262
599616202569.1902,-262
599616202576.8824,-262
599616202584.5748,-262
599616202592.2671,-262
599616202599.9595,-257
599616202607.6517,-250
599616202615.344,-247
599616202623.0364,-250
599616202630.7286,-252
599616202638.421,-254
599616202646.1133,-259
599616202653.8055,-254
599616202661.4979,-230
599616202669.1902,-194
599616202676.8824,-177
599616202684.5748,-194
599616202692.2671,-204
599616202699.9595,-209
599616202707.6517,-226
599616202715.344,-240
599616202723.0364,-235
599616202730.7286,-235
599616202738.421,-240
599616202746.1133,-238
599616202753.8055,-230
599616202761.4979,-228
599616202769.1902,-233
599616202776.8824,-266
599616202784.5748,-343
599616202792.2671,-283
599616202799.9595,134
599616202807.6517,731
599616202815.344,887
599616202823.0364,88
599616202830.7286,-824
599616202838.421,-673
599616202846.1133,-233
599616202853.8055,-298
599616202861.4979,-324
599616202869.1902,-209
599616202876.8824,-230
599616202884.5748,-262
599616202892.2671,-216
599616202899.9595,-204
599616202907.6517,-218
599616202915.344,-206
599616202923.0364,-194
599616202930.7286,-194
599616202938.421,-189
599616202946.1133,-177
599616202953.8055,-170
599616202961.4979,-161
599616202969.1902,-146
599616202976.8824,-129
599616202984.5748,-113
599616202992.2671,-96
599616202999.9595,-79
599616203007.6517,-62
599616203015.344,-50
599616203023.0364,-45
599616203030.7286,-45
599616203038.421,-43
599616203046.1133,-50
599616203053.8055,-74
599616203061.4979,-110
599616203068.8777,-149
599616203076.57,-187
599616203084.2623,-226
599616203091.9546,-262
599616203099.647,-281
599616203107.3392,-288
599616203115.0315,-288
599616203122.7239,-288
599616203130.4161,-286
599616203138.1084,-278
599616203145.8008,-274
599616203153.493,-271
599616203161.1854,-266
599616203168.8777,-262
599616203176.57,-259
599616203184.2623,-262
599616203191.9546,-264
599616203199.647,-259
599616203207.3392,-254
599616203215.0315,-254
599616203222.7239,-254
599616203230.4161,-254
599616203238.1084,-252
599616203245.8008,-247
599616203253.493,-245
599616203261.1854,-245
599616203268.8777,-242
599616203276.57,-242
599616203284.2623,-245
599616203291.9546,-245
599616203299.647,-240
599616203307.3392,-238
599616203315.0315,-235
599616203322.7239,-233
599616203330.4161,-230
599616203338.1084,-228
599616203345.8008,-226
599616203353.493,-226
599616203361.1854,-233
599616203368.8777,-242
599616203376.57,-245
599616203384.2623,-230
599616203391.9546,-197
599616203399.647,-168
599616203407.3392,-173
599616203415.0315,-187
599616203422.7239,-194
599616203430.4161,-204
599616203438.1084,-216
599616203445.8008,-221
599616203453.493,-221
599616203461.1854,-221
599616203468.8777,-223
599616203476.57,-221
599616203484.2623,-214
599616203491.9546,-216
599616203499.647,-254
599616203507.3392,-329
599616203515.0315,-262
599616203522.7239,146
599616203530.4161,711
599616203538.1084,853
599616203545.8008,81
599616203553.493,-815
599616203561.1854,-678
599616203568.8777,-235
599616203576.57,-283
599616203584.2623,-322
599616203591.9546,-214
599616203599.647,-226
599616203607.3392,-262
599616203615.0315,-223
599616203622.7239,-209
599616203630.1038,-223
599616203637.796,-214
599616203645.4884,-197
599616203653.1807,-194
599616203660.873,-194
599616203668.5653,-182
599616203676.2576,-173
599616203683.95,-173
599616203691.6422,-161
599616203699.3345,-134
599616203707.0269,-115
599616203714.7191,-103
599616203722.4115,-88
599616203730.1038,-74
599616203737.796,-60
599616203745.4884,-48
599616203753.1807,-45
599616203760.873,-50
599616203768.5653,-60
599616203776.2576,-76
599616203783.95,-105
599616203791.6422,-139
599616203799.3345,-185
599616203807.0269,-226
599616203814.7191,-247
599616203822.4115,-262
599616203830.1038,-278
599616203837.796,-283
599616203845.4884,-276
599616203853.1807,-269
599616203860.873,-276
599616203868.5653,-276
599616203876.2576,-269
599616203883.95,-269
599616203891.6422,-269
599616203899.3345,-264
599616203907.0269,-259
599616203914.7191,-259
599616203922.4115,-264
599616203930.1038,-271
599616203937.796,-266
599616203945.4884,-264
599616203953.1807,-262
599616203960.873,-262
599616203968.5653,-264
599616203976.2576,-264
599616203983.95,-262
599616203991.6422,-259
599616203999.3345,-259
599616204007.0269,-259
599616204014.7191,-257
599616204022.4115,-259
599616204030.1038,-264
599616204037.796,-266
599616204045.4884,-264
599616204053.1807,-259
599616204060.873,-259
599616204068.5653,-262
599616204076.2576,-259
599616204083.95,-257
599616204091.6422,-254
599616204099.3345,-262
599616204107.0269,-274
599616204114.7191,-271
599616204122.4115,-254
599616204130.1038,-233
599616204137.796,-216
599616204145.4884,-209
599616204153.1807,-216
599616204160.873,-233
599616204168.5653,-245
599616204176.2576,-247
599616204183.95,-250
599616204191.3552,-247
599616204199.0475,-242
599616204206.7399,-245
599616204214.4321,-245
599616204222.1245,-245
599616204229.8168,-262
599616204237.509,-319
599616204245.2014,-329
599616204252.8937,-57
599616204260.5859,478
599616204268.2783,848
599616204275.9706,404
599616204283.663,-610
599616204291.3552,-846
599616204299.0475,-348
599616204306.7399,-238
599616204314.4321,-343
599616204322.1245,-247
599616204329.8168,-209
599616204337.509,-254
599616204345.2014,-230
599616204352.8937,-199
599616204360.5859,-214
599616204368.2783,-211
599616204375.9706,-197
599616204383.663,-194
599616204391.3552,-192
599616204399.0475,-182
599616204406.7399,-173
599616204414.4321,-161
599616204422.1245,-149
599616204429.8168,-137
599616204437.509,-122
599616204445.2014,-108
599616204452.8937,-91
599616204460.5859,-69
599616204468.2783,-57
599616204475.9706,-52
599616204483.663,-52
599616204491.3552,-55
599616204499.0475,-62
599616204506.7399,-72
599616204514.4321,-91
599616204522.1245,-127
599616204529.8168,-168
599616204537.509,-204
599616204545.2014,-230
599616204552.8937,-254
599616204560.5859,-264
599616204568.2783,-269
599616204575.9706,-274
599616204583.663,-276
599616204591.3552,-269
599616204599.0475,-262
599616204606.7399,-262
599616204614.4321,-266
599616204622.1245,-264
599616204629.8168,-264
599616204637.509,-259
599616204645.2014,-254
599616204652.8937,-259
599616204660.5859,-262
599616204668.2783,-262
599616204675.9706,-259
599616204683.663,-254
599616204691.3552,-257
599616204699.0475,-257
599616204706.7399,-252
599616204714.4321,-252
599616204722.1245,-254
599616204729.8168,-250
599616204737.509,-247
599616204745.2014,-247
599616204752.5762,-245
599616204760.2684,-245
599616204767.9608,-247
599616204775.6531,-242
599616204783.3455,-238
599616204791.0377,-238
599616204798.73,-240
599616204806.4224,-242
599616204814.1146,-245
599616204821.8069,-247
599616204829.4993,-252
599616204837.1915,-242
599616204844.8839,-226
599616204852.5762,-211
599616204860.2684,-202
599616204867.9608,-209
599616204875.6531,-228
599616204883.3455,-230
599616204891.0377,-226
599616204898.73,-233
599616204906.4224,-230
599616204914.1146,-221
599616204921.8069,-221
599616204929.4993,-226
599616204937.1915,-230
599616204944.8839,-271
599616204952.5762,-336
599616204960.2684,-211
599616204967.9608,245
599616204975.6531,757
599616204983.3455,697
599616204991.0377,-202
599616204998.73,-872
599616205006.4224,-541
599616205014.1146,-204
599616205021.8069,-303
599616205029.4993,-283
599616205037.1915,-194
599616205044.8839,-228
599616205052.5762,-235
599616205060.2684,-197
599616205067.9608,-199
599616205075.6531,-206
599616205083.3455,-194
599616205091.0377,-185
599616205098.73,-182
599616205106.4224,-180
599616205114.1146,-175
599616205121.8069,-165
599616205129.4993,-156
599616205137.1915,-146
599616205144.8839,-132
599616205152.5762,-117
599616205160.2684,-103
599616205167.9608,-86
599616205175.6531,-74
599616205183.3455,-64
599616205191.0377,-60
599616205198.73,-62
599616205206.4224,-67
599616205214.1146,-79
599616205221.8069,-96
599616205229.4993,-125
599616205237.1915,-158
599616205244.8839,-194
599616205252.5762,-226
599616205260.2684,-254
599616205267.9608,-271
599616205275.6531,-276
599616205283.3455,-274
599616205291.0377,-266
599616205298.73,-262
599616205306.4224,-257
599616205313.8124,-254
599616205321.5046,-252
599616205329.197,-247
599616205336.8893,-242
599616205344.5817,-240
599616205352.2739,-242
599616205359.9662,-247
599616205367.6586,-247
599616205375.3508,-245
599616205383.0431,-245
599616205390.7355,-252
599616205398.4277,-257
599616205406.1201,-252
599616205413.8124,-247
599616205421.5046,-250
599616205429.197,-252
599616205436.8893,-252
599616205444.5817,-250
599616205452.2739,-252
599616205459.9662,-252
599616205467.6586,-252
599616205475.3508,-247
599616205483.0431,-245
599616205490.7355,-247
599616205498.4277,-252
599616205506.1201,-254
599616205513.8124,-252
599616205521.5046,-254
599616205529.197,-252
599616205536.8893,-238
599616205544.5817,-228
599616205552.2739,-221
599616205559.9662,-204
599616205567.6586,-202
599616205575.3508,-223
599616205583.0431,-235
599616205590.7355,-230
599616205598.4277,-228
599616205606.1201,-226
599616205613.8124,-226
599616205621.5046,-228
599616205629.197,-228
599616205636.8893,-242
599616205644.5817,-312
599616205652.2739,-329
599616205659.9662,-48
599616205667.6586,490
599616205675.3508,803
599616205683.0431,286
599616205690.7355,-661
599616205698.4277,-776
599616205706.1201,-312
599616205713.8124,-257
599616205721.5046,-334
599616205729.197,-235
599616205736.8893,-218
599616205744.5817,-259
599616205752.2739,-228
599616205759.9662,-206
599616205767.6586,-221
599616205775.3508,-214
599616205783.0431,-197
599616205790.7355,-194
599616205798.4277,-189
599616205806.1201,-177
599616205813.8124,-173
599616205821.5046,-165
599616205829.197,-151
599616205836.8893,-137
599616205844.5817,-129
599616205852.2739,-120
599616205859.9662,-105
599616205867.6586,-86
599616205875.0486,-76
599616205882.7408,-72
599616205890.4332,-72
599616205898.1255,-81
599616205905.8179,-86
599616205913.5101,-93
599616205921.2024,-120
599616205928.8948,-161
599616205936.587,-199
599616205944.2793,-235
599616205951.9717,-264
599616205959.664,-283
599616205967.3563,-298
599616205975.0486,-305
599616205982.7408,-312
599616205990.4332,-312
599616205998.1255,-303
599616206005.8179,-300
599616206013.5101,-303
599616206021.2024,-295
599616206028.8948,-288
599616206036.587,-286
599616206044.2793,-283
599616206051.9717,-278
599616206059.664,-286
599616206067.3563,-293
599616206075.0486,-286
599616206082.7408,-274
599616206090.4332,-276
599616206098.1255,-276
599616206105.8179,-269
599616206113.5101,-269
599616206121.2024,-283
599616206128.8948,-286
599616206136.587,-281
599616206144.2793,-274
599616206151.9717,-274
599616206159.664,-274
599616206167.3563,-276
599616206175.0486,-281
599616206182.7408,-281
599616206190.4332,-281
599616206198.1255,-281
599616206205.8179,-269
599616206213.5101,-254
599616206221.2024,-242
599616206228.8948,-233
599616206236.587,-242
599616206244.2793,-266
599616206251.9717,-269
599616206259.664,-259
599616206267.3563,-262
599616206275.0486,-266
599616206282.7408,-259
599616206290.4332,-252
599616206298.1255,-262
599616206305.8179,-305
599616206313.5101,-367
599616206321.2024,-271
599616206328.8948,158
599616206336.587,699
599616206344.2793,673
599616206351.9717,-245
599616206359.664,-930
599616206367.3563,-584
599616206375.0486,-259
599616206382.7408,-377
599616206390.4332,-324
599616206398.1255,-204
599616206405.8179,-252
599616206413.5101,-271
599616206421.2024,-228
599616206428.8948,-230
599616206436.2694,-235
599616206443.9617,-211
599616206451.654,-202
599616206459.3463,-202
599616206467.0387,-194
599616206474.731,-189
599616206482.4232,-180
599616206490.1156,-161
599616206497.8079,-144
599616206505.5001,-134
599616206513.1925,-120
599616206520.8848,-110
599616206528.5771,-98
599616206536.2694,-81
599616206543.9617,-72
599616206551.654,-72
599616206559.3463,-69
599616206567.0387,-74
599616206574.731,-86
599616206582.4232,-103
599616206590.1156,-134
599616206597.8079,-185
599616206605.5001,-226
599616206613.1925,-257
599616206620.8848,-283
599616206628.5771,-300
599616206636.2694,-303
599616206643.9617,-307
599616206651.654,-310
599616206659.3463,-305
599616206667.0387,-295
599616206674.731,-293
599616206682.4232,-288
599616206690.1156,-281
599616206697.8079,-276
599616206705.5001,-274
599616206713.1925,-271
599616206720.8848,-274
599616206728.5771,-274
599616206736.2694,-269
599616206743.9617,-274
599616206751.654,-276
599616206759.3463,-264
599616206767.0387,-264
599616206774.731,-271
599616206782.4232,-266
599616206790.1156,-266
599616206797.8079,-271
599616206805.5001,-269
599616206813.1925,-269
599616206820.8848,-274
599616206828.5771,-274
599616206836.2694,-271
599616206843.9617,-266
599616206851.654,-254
599616206859.3463,-235
599616206867.0387,-226
599616206874.731,-238
599616206882.4232,-257
599616206890.1156,-264
599616206897.8079,-257
599616206905.5001,-250
599616206913.1925,-247
599616206920.8848,-245
599616206928.5771,-242
599616206936.2694,-245
599616206943.9617,-278
599616206951.654,-346
599616206959.3463,-274
599616206967.0387,125
599616206974.731,675
599616206982.4232,738
599616206990.1156,-108
599616206997.4905,-880
599616207005.1827,-622
599616207012.8751,-250
599616207020.5674,-336
599616207028.2598,-322
599616207035.952,-211
599616207043.6443,-242
599616207051.3367,-257
599616207059.0289,-218
599616207066.7212,-218
599616207074.4136,-223
599616207082.1058,-209
599616207089.7982,-206
599616207097.4905,-204
599616207105.1827,-189
599616207112.8751,-180
599616207120.5674,-173
599616207128.2598,-165
599616207135.952,-156
599616207143.6443,-139
599616207151.3367,-120
599616207159.0289,-101
599616207166.7212,-88
599616207174.4136,-79
599616207182.1058,-72
599616207189.7982,-64
599616207197.4905,-64
599616207205.1827,-74
599616207212.8751,-86
599616207220.5674,-98
599616207228.2598,-129
599616207235.952,-173
599616207243.6443,-209
599616207251.3367,-233
599616207259.0289,-254
599616207266.7212,-276
599616207274.4136,-286
599616207282.1058,-286
599616207289.7982,-283
599616207297.4905,-283
599616207305.1827,-281
599616207312.8751,-274
599616207320.5674,-271
599616207328.2598,-274
599616207335.952,-271
599616207343.6443,-264
599616207351.3367,-262
599616207359.0289,-264
599616207366.7212,-266
599616207374.4136,-271
599616207382.1058,-274
599616207389.7982,-271
599616207397.4905,-269
599616207405.1827,-271
599616207412.8751,-271
599616207420.5674,-269
599616207428.2598,-266
599616207435.952,-266
599616207443.6443,-269
599616207451.3367,-266
599616207459.0289,-269
599616207466.7212,-274
599616207474.4136,-274
599616207482.1058,-274
599616207489.7982,-269
599616207497.4905,-257
599616207505.1827,-242
599616207512.8751,-228
599616207520.5674,-228
599616207528.2598,-247
599616207535.952,-262
599616207543.6443,-259
599616207551.3367,-252
599616207558.742,-247
599616207566.4342,-247
599616207574.1266,-252
599616207581.8188,-250
599616207589.5112,-266
599616207597.2035,-348
599616207604.8958,-348
599616207612.5881,-4
599616207620.2804,567
599616207627.9727,832
599616207635.665,202
599616207643.3573,-755
599616207651.0497,-759
599616207658.742,-286
599616207666.4342,-281
599616207674.1266,-336
599616207681.8188,-221
599616207689.5112,-216
599616207697.2035,-254
599616207704.8958,-221
599616207712.5881,-202
599616207720.2804,-211
599616207727.9727,-199
599616207735.665,-187
599616207743.3573,-185
599616207751.0497,-175
599616207758.742,-165
599616207766.4342,-161
599616207774.1266,-149
599616207781.8188,-134
599616207789.5112,-125
599616207797.2035,-113
599616207804.8958,-98
599616207812.5881,-84
599616207820.2804,-72
599616207827.9727,-64
599616207835.665,-60
599616207843.3573,-60
599616207851.0497,-64
599616207858.742,-74
599616207866.4342,-88
599616207874.1266,-113
599616207881.8188,-144
599616207889.5112,-182
599616207897.2035,-216
599616207904.8958,-238
599616207912.5881,-252
599616207920.2804,-266
599616207927.9727,-271
599616207935.665,-266
599616207943.3573,-262
599616207951.0497,-259
599616207958.742,-250
599616207966.4342,-245
599616207974.1266,-247
599616207981.8188,-247
599616207989.5112,-242
599616207997.2035,-242
599616208004.8958,-245
599616208012.5881,-242
599616208020.2804,-240
599616208027.9727,-240
599616208035.665,-240
599616208043.3573,-238
599616208051.0497,-238
599616208058.742,-240
599616208066.4342,-245
599616208074.1266,-247
599616208081.8188,-245
599616208089.5112,-252
599616208097.2035,-252
599616208104.8958,-247
599616208112.5881,-250
599616208119.973,-254
599616208127.6653,-252
599616208135.3577,-250
599616208143.0499,-247
599616208150.7423,-242
599616208158.4346,-223
599616208166.1268,-206
599616208173.8192,-221
599616208181.5115,-240
599616208189.2037,-242
599616208196.8961,-242
599616208204.5884,-245
599616208212.2808,-238
599616208219.973,-230
599616208227.6653,-230
599616208235.3577,-242
599616208243.0499,-298
599616208250.7423,-363
599616208258.4346,-204
599616208266.1268,281
599616208273.8192,769
599616208281.5115,613
599616208289.2037,-319
599616208296.8961,-860
599616208304.5884,-495
599616208312.2808,-264
599616208319.973,-382
599616208327.6653,-322
599616208335.3577,-247
599616208343.0499,-290
599616208350.7423,-281
599616208358.4346,-247
599616208366.1268,-274
599616208373.8192,-278
599616208381.5115,-247
599616208389.2037,-240
599616208396.8961,-250
599616208404.5884,-242
599616208412.2808,-230
599616208419.973,-221
599616208427.6653,-214
599616208435.3577,-206
599616208443.0499,-192
599616208450.7423,-170
599616208458.4346,-153
599616208466.1268,-144
599616208473.8192,-139
599616208481.5115,-132
599616208489.2037,-125
599616208496.8961,-129
599616208504.5884,-141
599616208512.2808,-149
599616208519.973,-161
599616208527.6653,-187
599616208535.3577,-226
599616208543.0499,-264
599616208550.7423,-298
599616208558.4346,-324
599616208566.1268,-341
599616208573.8192,-339
599616208581.5115,-336
599616208589.2037,-343
599616208596.8961,-339
599616208604.5884,-322
599616208612.2808,-327
599616208619.973,-331
599616208627.6653,-319
599616208635.3577,-319
599616208643.0499,-331
599616208650.7423,-319
599616208658.4346,-305
599616208666.1268,-303
599616208673.8192,-305
599616208681.199,-300
599616208688.8912,-298
599616208696.5836,-298
599616208704.2759,-298
599616208711.9683,-295
599616208719.6605,-295
599616208727.3528,-293
599616208735.0452,-295
599616208742.7374,-295
599616208750.4297,-286
599616208758.1221,-269
599616208765.8143,-262
599616208773.5067,-259
599616208781.199,-254
599616208788.8912,-266
599616208796.5836,-281
599616208804.2759,-278
599616208811.9683,-276
599616208819.6605,-276
599616208827.3528,-266
599616208835.0452,-259
599616208842.7374,-266
599616208850.4297,-307
599616208858.1221,-372
599616208865.8143,-262
599616208873.5067,189
599616208881.199,743
599616208888.8912,692
599616208896.5836,-259
599616208904.2759,-925
599616208911.9683,-574
599616208919.6605,-266
599616208927.3528,-372
599616208935.0452,-315
599616208942.7374,-211
599616208950.4297,-257
599616208958.1221,-266
599616208965.8143,-223
599616208973.5067,-223
599616208981.199,-228
599616208988.8912,-209
599616208996.5836,-204
599616209004.2759,-204
599616209011.9683,-194
599616209019.6605,-180
599616209027.3528,-173
599616209035.0452,-163
599616209042.7374,-146
599616209050.4297,-127
599616209058.1221,-110
599616209065.8143,-93
599616209073.5067,-81
599616209081.199,-74
599616209088.8912,-67
599616209096.5836,-60
599616209104.2759,-62
599616209111.9683,-74
599616209119.6605,-81
599616209127.3528,-101
599616209135.0452,-141
599616209142.7374,-189
599616209150.4297,-218
599616209158.1221,-240
599616209165.8143,-262
599616209173.5067,-286
599616209181.199,-290
599616209188.8912,-286
599616209196.5836,-281
599616209204.2759,-276
599616209211.9683,-276
599616209219.6605,-278
599616209227.3528,-271
599616209235.0452,-266
599616209242.4556,-264
599616209250.1478,-262
599616209257.8402,-259
599616209265.5325,-262
599616209273.2249,-264
599616209280.9171,-269
599616209288.6094,-266
599616209296.3018,-264
599616209303.994,-269
599616209311.6863,-271
599616209319.3787,-264
599616209327.0709,-262
599616209334.7633,-266
599616209342.4556,-269
599616209350.1478,-271
599616209357.8402,-274
599616209365.5325,-271
599616209373.2249,-262
599616209380.9171,-252
599616209388.6094,-238
599616209396.3018,-228
599616209403.994,-235
599616209411.6863,-250
599616209419.3787,-250
599616209427.0709,-245
599616209434.7633,-240
599616209442.4556,-242
599616209450.1478,-242
599616209457.8402,-240
599616209465.5325,-242
599616209473.2249,-286
599616209480.9171,-355
599616209488.6094,-240
599616209496.3018,221
599616209503.994,759
599616209511.6863,697
599616209519.3787,-223
599616209527.0709,-865
599616209534.7633,-524
599616209542.4556,-228
599616209550.1478,-339
599616209557.8402,-305
599616209565.5325,-214
599616209573.2249,-252
599616209580.9171,-259
599616209588.6094,-221
599616209596.3018,-226
599616209603.994,-230
599616209611.6863,-209
599616209619.3787,-204
599616209627.0709,-202
599616209634.7633,-189
599616209642.4556,-187
599616209650.1478,-187
599616209657.8402,-170
599616209665.5325,-149
599616209673.2249,-139
599616209680.9171,-129
599616209688.6094,-113
599616209696.3018,-98
599616209703.994,-88
599616209711.6863,-81
599616209719.3787,-76
599616209727.0709,-81
599616209734.7633,-91
599616209742.4556,-98
599616209750.1478,-113
599616209757.8402,-144
599616209765.5325,-182
599616209773.2249,-216
599616209780.9171,-240
599616209788.6094,-264
599616209796.3018,-278
599616209803.6815,-283
599616209811.3738,-278
599616209819.0662,-276
599616209826.7584,-274
599616209834.4508,-274
599616209842.1431,-274
599616209849.8353,-274
599616209857.5277,-269
599616209865.22,-266
599616209872.9122,-269
599616209880.6046,-266
599616209888.2969,-266
599616209895.9893,-269
599616209903.6815,-269
599616209911.3738,-266
599616209919.0662,-266
599616209926.7584,-269
599616209934.4508,-271
599616209942.1431,-271
599616209949.8353,-269
599616209957.5277,-266
599616209965.22,-266
599616209972.9122,-274
599616209980.6046,-278
599616209988.2969,-276
599616209995.9893,-276
599616210003.6815,-274
599616210011.3738,-264
599616210019.0662,-254
599616210026.7584,-242
599616210034.4508,-233
599616210042.1431,-247
599616210049.8353,-264
599616210057.5277,-262
599616210065.22,-254
599616210072.9122,-252
599616210080.6046,-252
599616210088.2969,-250
599616210095.9893,-245
599616210103.6815,-254
599616210111.3738,-317
599616210119.0662,-377
599616210126.7584,-177
599616210134.4508,348
599616210142.1431,820
599616210149.8353,560
599616210157.5277,-432
599616210165.22,-872
599616210172.9122,-437
599616210180.6046,-242
599616210188.2969,-358
599616210195.9893,-283
599616210203.6815,-221
599616210211.3738,-274
599616210219.0662,-262
599616210226.7584,-221
599616210234.4508,-228
599616210242.1431,-233
599616210249.8353,-216
599616210257.5277,-211
599616210265.22,-209
599616210272.9122,-197
599616210280.6046,-189
599616210288.2969,-185
599616210295.9893,-175
599616210303.6815,-161
599616210311.3738,-144
599616210319.0662,-129
599616210326.7584,-115
599616210334.4508,-101
599616210342.1431,-93
599616210349.8353,-88
599616210357.5277,-88
599616210364.9075,-93
599616210372.5997,-98
599616210380.2921,-108
599616210387.9844,-132
599616210395.6768,-163
599616210403.369,-192
599616210411.0613,-223
599616210418.7537,-252
599616210426.4459,-269
599616210434.1382,-283
599616210441.8306,-288
599616210449.5228,-286
599616210457.2152,-283
599616210464.9075,-281
599616210472.5997,-276
599616210480.2921,-278
599616210487.9844,-276
599616210495.6768,-271
599616210503.369,-271
599616210511.0613,-269
599616210518.7537,-266
599616210526.4459,-271
599616210534.1382,-274
599616210541.8306,-274
599616210549.5228,-271
599616210557.2152,-271
599616210564.9075,-274
599616210572.5997,-271
599616210580.2921,-269
599616210587.9844,-266
599616210595.6768,-271
599616210603.369,-271
599616210611.0613,-269
599616210618.7537,-271
599616210626.4459,-271
599616210634.1382,-271
599616210641.8306,-271
599616210649.5228,-276
599616210657.2152,-281
599616210664.9075,-281
599616210672.5997,-269
599616210680.2921,-257
599616210687.9844,-247
599616210695.6768,-228
599616210703.369,-228
599616210711.0613,-254
599616210718.7537,-264
599616210726.4459,-257
599616210734.1382,-250
599616210741.8306,-247
599616210749.5228,-247
599616210757.2152,-247
599616210764.9075,-247
599616210772.5997,-271
599616210780.2921,-348
599616210787.9844,-336
599616210795.6768,2
599616210803.369,567
599616210811.0613,820
599616210818.7537,187
599616210826.4459,-747
599616210834.1382,-743
599616210841.8306,-288
599616210849.5228,-293
599616210857.2152,-346
599616210864.9075,-240
599616210872.5997,-238
599616210880.2921,-271
599616210887.9844,-235
599616210895.6768,-226
599616210903.369,-240
599616210911.0613,-226
599616210918.7537,-209
599616210926.1589,-211
599616210933.8512,-206
599616210941.5436,-192
599616210949.2358,-185
599616210956.9282,-173
599616210964.6205,-158
599616210972.3127,-149
599616210980.0051,-144
599616210987.6974,-132
599616210995.3896,-113
599616211003.082,-103
599616211010.7743,-98
599616211018.4667,-91
599616211026.1589,-88
599616211033.8512,-96
599616211041.5436,-98
599616211049.2358,-108
599616211056.9282,-132
599616211064.6205,-163
599616211072.3127,-199
599616211080.0051,-233
599616211087.6974,-259
599616211095.3896,-269
599616211103.082,-271
599616211110.7743,-278
599616211118.4667,-278
599616211126.1589,-274
599616211133.8512,-274
599616211141.5436,-274
599616211149.2358,-269
599616211156.9282,-269
599616211164.6205,-276
599616211172.3127,-274
599616211180.0051,-264
599616211187.6974,-262
599616211195.3896,-269
599616211203.082,-269
599616211210.7743,-266
599616211218.4667,-266
599616211226.1589,-262
599616211233.8512,-257
599616211241.5436,-259
599616211249.2358,-271
599616211256.9282,-271
599616211264.6205,-262
599616211272.3127,-264
599616211280.0051,-274
599616211287.6974,-274
599616211295.3896,-264
599616211303.082,-257
599616211310.7743,-259
599616211318.4667,-269
599616211326.1589,-274
599616211333.8512,-276
599616211341.5436,-278
599616211349.2358,-274
599616211356.9282,-264
599616211364.6205,-262
599616211372.3127,-257
599616211380.0051,-235
599616211387.6974,-223
599616211395.3896,-247
599616211403.082,-264
599616211410.7743,-259
599616211418.4667,-262
599616211426.1589,-262
599616211433.8512,-254
599616211441.5436,-247
599616211449.2358,-247
599616211456.9282,-264
599616211464.6205,-327
599616211472.3127,-370
599616211480.0051,-161
599616211487.38,358
599616211495.0723,824
599616211502.7646,509
599616211510.4569,-529
599616211518.1493,-909
599616211525.8416,-435
599616211533.5338,-271
599616211541.2262,-379
599616211548.9185,-281
599616211556.6107,-230
599616211564.3031,-288
599616211571.9954,-266
599616211579.6877,-228
599616211587.38,-240
599616211595.0723,-235
599616211602.7646,-216
599616211610.4569,-221
599616211618.1493,-223
599616211625.8416,-209
599616211633.5338,-202
599616211641.2262,-189
599616211648.9185,-170
599616211656.6107,-168
599616211664.3031,-161
599616211671.9954,-139
599616211679.6877,-125
599616211687.38,-120
599616211695.0723,-110
599616211702.7646,-98
599616211710.4569,-96
599616211718.1493,-101
599616211725.8416,-103
599616211733.5338,-113
599616211741.2262,-134
599616211748.9185,-165
599616211756.6107,-202
599616211764.3031,-242
599616211771.9954,-276
599616211779.6877,-293
599616211787.38,-310
599616211795.0723,-317
599616211802.7646,-307
599616211810.4569,-300
599616211818.1493,-310
599616211825.8416,-310
599616211833.5338,-298
599616211841.2262,-290
599616211848.9185,-295
599616211856.6107,-303
599616211864.3031,-293
599616211871.9954,-283
599616211879.6877,-286
599616211887.38,-290
599616211895.0723,-283
599616211902.7646,-281
599616211910.4569,-283
599616211918.1493,-281
599616211925.8416,-278
599616211933.5338,-286
599616211941.2262,-286
599616211948.9185,-276
599616211956.6107,-278
599616211964.3031,-286
599616211971.9954,-281
599616211979.6877,-271
599616211987.38,-276
599616211995.0723,-286
599616212002.7646,-286
599616212010.4569,-286
599616212018.1493,-271
599616212025.8416,-257
599616212033.5338,-252
599616212041.2262,-245
599616212048.6008,-245
599616212056.2931,-259
599616212063.9855,-264
599616212071.6777,-262
599616212079.3701,-262
599616212087.0624,-262
599616212094.7546,-262
599616212102.447,-259
599616212110.1393,-259
599616212117.8315,-276
599616212125.5239,-343
599616212133.2162,-367
599616212140.9086,-101
599616212148.6008,461
599616212156.2931,860
599616212163.9855,336
599616212171.6777,-733
599616212179.3701,-868
599616212187.0624,-348
599616212194.7546,-307
599616212202.447,-391
599616212210.1393,-254
599616212217.8315,-230
599616212225.5239,-286
599616212233.2162,-250
599616212240.9086,-223
599616212248.6008,-242
599616212256.2931,-238
599616212263.9855,-226
599616212271.6777,-214
599616212279.3701,-204
599616212287.0624,-202
599616212294.7546,-189
599616212302.447,-180
599616212310.1393,-175
599616212317.8315,-158
599616212325.5239,-139
599616212333.2162,-120
599616212340.9086,-103
599616212348.6008,-98
599616212356.2931,-93
599616212363.9855,-88
599616212371.6777,-88
599616212379.3701,-79
599616212387.0624,-84
599616212394.7546,-113
599616212402.447,-139
599616212410.1393,-170
599616212417.8315,-218
599616212425.5239,-262
599616212433.2162,-283
599616212440.9086,-303
599616212448.6008,-317
599616212456.2931,-312
599616212463.9855,-305
599616212471.6777,-312
599616212479.3701,-317
599616212487.0624,-312
599616212494.7546,-300
599616212502.447,-293
599616212510.1393,-290
599616212517.8315,-290
599616212525.5239,-288
599616212533.2162,-288
599616212540.9086,-281
599616212548.6008,-276
599616212556.2931,-278
599616212563.9855,-283
599616212571.6777,-278
599616212579.3701,-266
599616212587.0624,-266
599616212594.7546,-281
599616212602.447,-278
599616212609.8422,-266
599616212617.5344,-262
599616212625.2268,-269
599616212632.9191,-271
599616212640.6115,-269
599616212648.3037,-266
599616212655.996,-269
599616212663.6884,-257
599616212671.3806,-247
599616212679.0729,-242
599616212686.7653,-228
599616212694.4575,-223
599616212702.1499,-242
599616212709.8422,-252
599616212717.5344,-245
599616212725.2268,-245
599616212732.9191,-242
599616212740.6115,-242
599616212748.3037,-240
599616212755.996,-238
599616212763.6884,-278
599616212771.3806,-363
599616212779.0729,-288
599616212786.7653,141
599616212794.4575,733
599616212802.1499,817
599616212809.8422,-64
599616212817.5344,-884
599616212825.2268,-620
599616212832.9191,-235
599616212840.6115,-334
599616212848.3037,-310
599616212855.996,-192
599616212863.6884,-235
599616212871.3806,-254
599616212879.0729,-206
599616212886.7653,-211
599616212894.4575,-218
599616212902.1499,-194
599616212909.8422,-192
599616212917.5344,-194
599616212925.2268,-182
599616212932.9191,-173
599616212940.6115,-165
599616212948.3037,-149
599616212955.996,-134
599616212963.6884,-122
599616212971.3806,-105
599616212979.0729,-88
599616212986.7653,-79
599616212994.4575,-67
599616213002.1499,-52
599616213009.8422,-48
599616213017.5344,-55
599616213025.2268,-64
599616213032.9191,-74
599616213040.6115,-93
599616213048.3037,-129
599616213055.996,-168
599616213063.6884,-206
599616213071.3806,-235
599616213079.0729,-250
599616213086.7653,-259
599616213094.4575,-276
599616213102.1499,-281
599616213109.8422,-274
599616213117.5344,-266
599616213125.2268,-264
599616213132.9191,-264
599616213140.6115,-264
599616213148.3037,-262
599616213155.996,-259
599616213163.6884,-254
599616213171.0681,-254
599616213178.7604,-257
599616213186.4528,-252
599616213194.145,-250
599616213201.8374,-254
599616213209.5297,-254
599616213217.2219,-254
599616213224.9143,-257
599616213232.6066,-259
599616213240.2988,-259
599616213247.9912,-259
599616213255.6835,-257
599616213263.3759,-254
599616213271.0681,-254
599616213278.7604,-252
599616213286.4528,-250
599616213294.145,-247
599616213301.8374,-250
599616213309.5297,-252
599616213317.2219,-259
599616213324.9143,-254
599616213332.6066,-240
599616213340.2988,-235
599616213347.9912,-230
599616213355.6835,-214
599616213363.3759,-211
599616213371.0681,-230
599616213378.7604,-240
599616213386.4528,-238
599616213394.145,-230
599616213401.8374,-226
599616213409.5297,-223
599616213417.2219,-226
599616213424.9143,-230
599616213432.6066,-247
599616213440.2988,-312
599616213447.9912,-322
599616213455.6835,-19
599616213463.3759,553
599616213471.0681,904
599616213478.7604,370
599616213486.4528,-656
599616213494.145,-791
599616213501.8374,-293
599616213509.5297,-245
599616213517.2219,-346
599616213524.9143,-238
599616213532.6066,-214
599616213540.2988,-264
599616213547.9912,-233
599616213555.6835,-204
599616213563.3759,-218
599616213571.0681,-216
599616213578.7604,-202
599616213586.4528,-197
599616213594.145,-192
599616213601.8374,-182
599616213609.5297,-175
599616213617.2219,-165
599616213624.9143,-151
599616213632.6066,-139
599616213640.2988,-125
599616213647.9912,-110
599616213655.6835,-96
599616213663.3759,-81
599616213671.0681,-69
599616213678.7604,-64
599616213686.4528,-64
599616213694.145,-69
599616213701.8374,-76
599616213709.5297,-91
599616213717.2219,-115
599616213724.9143,-151
599616213732.2942,-187
599616213739.9865,-218
599616213747.6788,-242
599616213755.3711,-259
599616213763.0635,-269
599616213770.7557,-266
599616213778.448,-262
599616213786.1404,-262
599616213793.8326,-259
599616213801.5249,-254
599616213809.2173,-254
599616213816.9095,-254
599616213824.6019,-250
599616213832.2942,-250
599616213839.9865,-252
599616213847.6788,-250
599616213855.3711,-250
599616213863.0635,-250
599616213870.7557,-250
599616213878.448,-247
599616213886.1404,-245
599616213893.8326,-245
599616213901.5249,-247
599616213909.2173,-242
599616213916.9095,-238
599616213924.6019,-238
599616213932.2942,-235
599616213939.9865,-235
599616213947.6788,-238
599616213955.3711,-235
599616213963.0635,-230
599616213970.7557,-230
599616213978.448,-233
599616213986.1404,-233
599616213993.8326,-230
599616214001.5249,-228
599616214009.2173,-233
599616214016.9095,-238
599616214024.6019,-238
599616214032.2942,-233
599616214039.9865,-223
599616214047.6788,-218
599616214055.3711,-211
599616214063.0635,-194
599616214070.7557,-197
599616214078.448,-218
599616214086.1404,-226
599616214093.8326,-218
599616214101.5249,-218
599616214109.2173,-218
599616214116.9095,-214
599616214124.6019,-216
599616214132.2942,-218
599616214139.9865,-240
599616214147.6788,-312
599616214155.3711,-293
599616214163.0635,62
599616214170.7557,630
599616214178.448,868
599616214186.1404,206
599616214193.8326,-743
599616214201.5249,-721
599616214209.2173,-250
599616214216.9095,-262
599616214224.6019,-327
599616214232.2942,-218
599616214239.9865,-214
599616214247.6788,-252
599616214255.3711,-221
599616214263.0635,-204
599616214270.7557,-214
599616214278.448,-204
599616214286.1404,-192
599616214293.5151,-189
599616214301.2074,-185
599616214308.8998,-177
599616214316.592,-168
599616214324.2844,-158
599616214331.9767,-146
599616214339.669,-132
599616214347.3613,-120
599616214355.0536,-110
599616214362.7458,-96
599616214370.4382,-79
599616214378.1305,-72
599616214385.8229,-67
599616214393.5151,-64
599616214401.2074,-69
599616214408.8998,-81
599616214416.592,-93
599616214424.2844,-110
599616214431.9767,-144
599616214439.669,-182
599616214447.3613,-211
599616214455.0536,-233
599616214462.7458,-250
599616214470.4382,-259
599616214478.1305,-262
599616214485.8229,-259
599616214493.5151,-257
599616214501.2074,-257
599616214508.8998,-254
599616214516.592,-250
599616214524.2844,-252
599616214531.9767,-252
599616214539.669,-247
599616214547.3613,-245
599616214555.0536,-247
599616214562.7458,-247
599616214570.4382,-250
599616214578.1305,-247
599616214585.8229,-245
599616214593.5151,-245
599616214601.2074,-250
599616214608.8998,-252
599616214616.592,-250
599616214624.2844,-250
599616214631.9767,-250
599616214639.669,-247
599616214647.3613,-245
599616214655.0536,-245
599616214662.7458,-247
599616214670.4382,-250
599616214678.1305,-250
599616214685.8229,-252
599616214693.5151,-250
599616214701.2074,-247
599616214708.8998,-247
599616214716.592,-245
599616214724.2844,-245
599616214731.9767,-242
599616214739.669,-238
599616214747.3613,-238
599616214755.0536,-245
599616214762.7458,-250
599616214770.4382,-247
599616214778.1305,-238
599616214785.8229,-233
599616214793.5151,-228
599616214801.2074,-209
599616214808.8998,-197
599616214816.592,-214
599616214824.2844,-233
599616214831.9767,-230
599616214839.669,-230
599616214847.3613,-230
599616214854.7462,-228
599616214862.4385,-226
599616214870.1309,-226
599616214877.8231,-228
599616214885.5155,-269
599616214893.2078,-334
599616214900.9,-216
599616214908.5924,228
599616214916.2847,743
599616214923.9769,694
599616214931.6693,-199
599616214939.3616,-870
599616214947.054,-538
599616214954.7462,-214
599616214962.4385,-322
599616214970.1309,-298
599616214977.8231,-204
599616214985.5155,-240
599616214993.2078,-247
599616215000.9,-209
599616215008.5924,-211
599616215016.2847,-216
599616215023.9769,-199
599616215031.6693,-192
599616215039.3616,-192
599616215047.054,-182
599616215054.7462,-173
599616215062.4385,-163
599616215070.1309,-151
599616215077.8231,-139
599616215085.5155,-127
599616215093.2078,-113
599616215100.9,-101
599616215108.5924,-88
599616215116.2847,-76
599616215123.9769,-69
599616215131.6693,-67
599616215139.3616,-69
599616215147.054,-76
599616215154.7462,-86
599616215162.4385,-98
599616215170.1309,-120
599616215177.8231,-149
599616215185.5155,-192
599616215193.2078,-228
599616215200.9,-245
599616215208.5924,-254
599616215216.2847,-266
599616215223.9769,-271
599616215231.6693,-269
599616215239.3616,-266
599616215247.054,-264
599616215254.7462,-262
599616215262.4385,-257
599616215270.1309,-259
599616215277.8231,-259
599616215285.5155,-254
599616215293.2078,-254
599616215300.9,-257
599616215308.5924,-252
599616215316.2847,-250
599616215323.9769,-252
599616215331.6693,-257
599616215339.3616,-259
599616215347.054,-259
599616215354.7462,-257
599616215362.4385,-257
599616215370.1309,-257
599616215377.8231,-257
599616215385.5155,-257
599616215393.2078,-257
599616215400.9,-257
599616215408.5924,-254
599616215415.9722,-254
599616215423.6644,-257
599616215431.3568,-254
599616215439.0491,-250
599616215446.7415,-250
599616215454.4337,-250
599616215462.126,-252
599616215469.8184,-252
599616215477.5106,-247
599616215485.2029,-242
599616215492.8953,-245
599616215500.5875,-254
599616215508.2799,-259
599616215515.9722,-259
599616215523.6644,-257
599616215531.3568,-252
599616215539.0491,-240
599616215546.7415,-218
599616215554.4337,-204
599616215562.126,-226
599616215569.8184,-242
599616215577.5106,-235
599616215585.2029,-235
599616215592.8953,-238
599616215600.5875,-233
599616215608.2799,-233
599616215615.9722,-235
599616215623.6644,-238
599616215631.3568,-283
599616215639.0491,-339
599616215646.7415,-177
599616215654.4337,298
599616215662.126,771
599616215669.8184,584
599616215677.5106,-363
599616215685.2029,-872
599616215692.8953,-468
599616215700.5875,-230
599616215708.2799,-341
599616215715.9722,-278
599616215723.6644,-204
599616215731.3568,-252
599616215739.0491,-250
599616215746.7415,-214
599616215754.4337,-218
599616215762.126,-218
599616215769.8184,-199
599616215777.5106,-194
599616215785.2029,-197
599616215792.8953,-187
599616215800.5875,-180
599616215808.2799,-168
599616215815.9722,-156
599616215823.6644,-146
599616215831.3568,-134
599616215839.0491,-120
599616215846.7415,-105
599616215854.4337,-96
599616215862.126,-86
599616215869.8184,-79
599616215877.5106,-79
599616215885.2029,-86
599616215892.8953,-88
599616215900.5875,-96
599616215908.2799,-113
599616215915.9722,-139
599616215923.6644,-173
599616215931.3568,-206
599616215939.0491,-230
599616215946.7415,-250
599616215954.4337,-266
599616215962.126,-276
599616215969.8184,-278
599616215977.2085,-278
599616215984.9008,-274
599616215992.5931,-269
599616216000.2854,-269
599616216007.9778,-266
599616216015.67,-266
599616216023.3623,-264
599616216031.0547,-262
599616216038.747,-259
599616216046.4392,-259
599616216054.1316,-259
599616216061.8239,-264
599616216069.5162,-264
599616216077.2085,-262
599616216084.9008,-262
599616216092.5931,-264
599616216100.2854,-264
599616216107.9778,-264
599616216115.67,-264
599616216123.3623,-264
599616216131.0547,-266
599616216138.747,-266
599616216146.4392,-262
599616216154.1316,-264
599616216161.8239,-266
599616216169.5162,-266
599616216177.2085,-264
599616216184.9008,-264
599616216192.5931,-262
599616216200.2854,-264
599616216207.9778,-262
599616216215.67,-254
599616216223.3623,-254
599616216231.0547,-257
599616216238.747,-262
599616216246.4392,-266
599616216254.1316,-266
599616216261.8239,-259
599616216269.5162,-254
599616216277.2085,-252
599616216284.9008,-233
599616216292.5931,-214
599616216300.2854,-223
599616216307.9778,-242
599616216315.67,-240
599616216323.3623,-238
599616216331.0547,-240
599616216338.747,-238
599616216346.4392,-238
599616216354.1316,-235
599616216361.8239,-235
599616216369.5162,-274
599616216377.2085,-341
599616216384.9008,-250
599616216392.5931,168
599616216400.2854,692
599616216407.9778,702
599616216415.67,-144
599616216423.3623,-863
599616216431.0547,-586
599616216438.747,-230
599616216446.4392,-322
599616216454.1316,-310
599616216461.8239,-211
599616216469.5162,-242
599616216477.2085,-257
599616216484.9008,-218
599616216492.5931,-216
599616216500.2854,-226
599616216507.9778,-211
599616216515.67,-199
599616216523.3623,-197
599616216531.0547,-189
599616216538.4548,-180
599616216546.1471,-173
599616216553.8395,-163
599616216561.5317,-151
599616216569.2241,-137
599616216576.9164,-125
599616216584.6086,-113
599616216592.301,-101
599616216599.9933,-93
599616216607.6855,-91
599616216615.3779,-86
599616216623.0702,-84
599616216630.7626,-93
599616216638.4548,-103
599616216646.1471,-115
599616216653.8395,-137
599616216661.5317,-173
599616216669.2241,-206
599616216676.9164,-235
599616216684.6086,-257
599616216692.301,-274
599616216699.9933,-286
599616216707.6855,-293
599616216715.3779,-290
599616216723.0702,-283
599616216730.7626,-281
599616216738.4548,-276
599616216746.1471,-271
599616216753.8395,-271
599616216761.5317,-271
599616216769.2241,-266
599616216776.9164,-262
599616216784.6086,-266
599616216792.301,-269
599616216799.9933,-264
599616216807.6855,-266
599616216815.3779,-266
599616216823.0702,-266
599616216830.7626,-269
599616216838.4548,-269
599616216846.1471,-269
599616216853.8395,-269
599616216861.5317,-269
599616216869.2241,-271
599616216876.9164,-269
599616216884.6086,-266
599616216892.301,-266
599616216899.9933,-266
599616216907.6855,-264
599616216915.3779,-264
599616216923.0702,-266
599616216930.7626,-262
599616216938.4548,-259
599616216946.1471,-259
599616216953.8395,-257
599616216961.5317,-259
599616216969.2241,-266
599616216976.9164,-269
599616216984.6086,-264
599616216992.301,-262
599616216999.9933,-252
599616217007.6855,-223
599616217015.3779,-206
599616217023.0702,-223
599616217030.7626,-242
599616217038.4548,-240
599616217046.1471,-238
599616217053.8395,-242
599616217061.5317,-233
599616217069.2241,-223
599616217076.9164,-230
599616217084.6086,-240
599616217092.301,-276
599616217099.6808,-336
599616217107.373,-204
599616217115.0654,262
599616217122.7577,759
599616217130.4501,620
599616217138.1423,-319
599616217145.8346,-882
599616217153.527,-490
599616217161.2192,-223
599616217168.9115,-343
599616217176.6039,-288
599616217184.2961,-197
599616217191.9885,-247
599616217199.6808,-257
599616217207.373,-218
599616217215.0654,-223
599616217222.7577,-230
599616217230.4501,-211
599616217238.1423,-202
599616217245.8346,-202
599616217253.527,-194
599616217261.2192,-182
599616217268.9115,-175
599616217276.6039,-168
599616217284.2961,-156
599616217291.9885,-144
599616217299.6808,-127
599616217307.373,-113
599616217315.0654,-103
599616217322.7577,-91
599616217330.4501,-84
599616217338.1423,-91
599616217345.8346,-98
599616217353.527,-101
599616217361.2192,-108
599616217368.9115,-120
599616217376.6039,-149
599616217384.2961,-187
599616217391.9885,-223
599616217399.6808,-259
599616217407.373,-286
599616217415.0654,-298
599616217422.7577,-305
599616217430.4501,-310
599616217438.1423,-307
599616217445.8346,-300
599616217453.527,-298
599616217461.2192,-303
599616217468.9115,-307
599616217476.6039,-300
599616217484.2961,-290
599616217491.9885,-290
599616217499.6808,-293
599616217507.373,-288
599616217515.0654,-281
599616217522.7577,-288
599616217530.4501,-293
599616217538.1423,-283
599616217545.8346,-278
599616217553.527,-286
599616217561.2192,-288
599616217568.9115,-283
599616217576.6039,-286
599616217584.2961,-288
599616217591.9885,-281
599616217599.6808,-274
599616217607.373,-281
599616217615.0654,-286
599616217622.7577,-281
599616217630.4501,-283
599616217638.1423,-286
599616217645.8346,-286
599616217653.527,-283
599616217660.9017,-278
599616217668.594,-264
599616217676.2864,-254
599616217683.9786,-250
599616217691.671,-242
599616217699.3633,-254
599616217707.0555,-278
599616217714.7479,-276
599616217722.4402,-259
599616217730.1324,-257
599616217737.8248,-262
599616217745.5171,-257
599616217753.2095,-252
599616217760.9017,-266
599616217768.594,-324
599616217776.2864,-365
599616217783.9786,-165
599616217791.671,353
599616217799.3633,817
599616217807.0555,464
599616217814.7479,-591
599616217822.4402,-921
599616217830.1324,-423
599616217837.8248,-278
599616217845.5171,-379
599616217853.2095,-262
599616217860.9017,-204
599616217868.594,-264
599616217876.2864,-250
599616217883.9786,-211
599616217891.671,-218
599616217899.3633,-211
599616217907.0555,-197
599616217914.7479,-204
599616217922.4402,-197
599616217930.1324,-177
599616217937.8248,-173
599616217945.5171,-165
599616217953.2095,-149
599616217960.9017,-139
599616217968.594,-127
599616217976.2864,-110
599616217983.9786,-91
599616217991.671,-67
599616217999.3633,-62
599616218007.0555,-72
599616218014.7479,-64
599616218022.4402,-64
599616218030.1324,-88
599616218037.8248,-105
599616218045.5171,-122
599616218053.2095,-161
599616218060.9017,-199
599616218068.594,-235
599616218076.2864,-266
599616218083.9786,-293
599616218091.671,-312
599616218099.3633,-324
599616218107.0555,-317
599616218114.7479,-312
599616218122.4402,-324
599616218130.1324,-319
599616218137.8248,-295
599616218145.5171,-298
599616218153.2095,-312
599616218160.9017,-293
599616218168.594,-283
599616218176.2864,-307
599616218183.9786,-315
599616218191.671,-300
599616218199.3633,-293
599616218207.0555,-303
599616218214.7479,-300
599616218222.1228,-295
599616218229.8151,-307
599616218237.5074,-300
599616218245.1997,-288
599616218252.8921,-303
599616218260.5844,-310
599616218268.2766,-290
599616218275.969,-293
599616218283.6613,-295
599616218291.3535,-288
599616218299.0459,-305
599616218306.7382,-307
599616218314.4305,-281
599616218322.1228,-264
599616218329.8151,-257
599616218337.5074,-259
599616218345.1997,-266
599616218352.8921,-271
599616218360.5844,-278
599616218368.2766,-290
599616218375.969,-283
599616218383.6613,-266
599616218391.3535,-262
599616218399.0459,-262
599616218406.7382,-290
599616218414.4305,-375
599616218422.1228,-353
599616218429.8151,-7
599616218437.5074,572
599616218445.1997,812
599616218452.8921,76
599616218460.5844,-870
599616218468.2766,-752
599616218475.969,-290
599616218483.6613,-353
599616218491.3535,-370
599616218499.0459,-223
599616218506.7382,-233
599616218514.4305,-269
599616218522.1228,-230
599616218529.8151,-228
599616218537.5074,-240
599616218545.1997,-214
599616218552.8921,-211
599616218560.5844,-226
599616218568.2766,-197
599616218575.969,-168
599616218583.6613,-180
599616218591.3535,-177
599616218599.0459,-153
599616218606.7382,-137
599616218614.4305,-120
599616218622.1228,-105
599616218629.8151,-91
599616218637.5074,-69
599616218645.1997,-64
599616218652.8921,-69
599616218660.5844,-62
599616218668.2766,-64
599616218675.969,-84
599616218683.6613,-98
599616218691.3535,-127
599616218699.0459,-173
599616218706.7382,-221
599616218714.4305,-262
599616218722.1228,-286
599616218729.8151,-303
599616218737.5074,-317
599616218745.1997,-312
599616218752.8921,-312
599616218760.5844,-312
599616218768.2766,-300
599616218775.969,-293
599616218783.3284,-298
599616218791.0206,-288
599616218798.713,-281
599616218806.4053,-286
599616218814.0977,-283
599616218821.7899,-271
599616218829.4822,-269
599616218837.1746,-276
599616218844.8668,-278
599616218852.5591,-274
599616218860.2515,-266
599616218867.9437,-271
599616218875.6361,-274
599616218883.3284,-266
599616218891.0206,-264
599616218898.713,-264
599616218906.4053,-266
599616218914.0977,-269
599616218921.7899,-264
599616218929.4822,-266
599616218937.1746,-266
599616218944.8668,-257
599616218952.5591,-250
599616218960.2515,-230
599616218967.9437,-223
599616218975.6361,-238
599616218983.3284,-247
599616218991.0206,-242
599616218998.713,-242
599616219006.4053,-242
599616219014.0977,-235
599616219021.7899,-228
599616219029.4822,-235
599616219037.1746,-266
599616219044.8668,-331
599616219052.5591,-334
599616219060.2515,-43
599616219067.9437,531
599616219075.6361,894
599616219083.3284,317
599616219091.0206,-714
599616219098.713,-791
599616219106.4053,-293
599616219114.0977,-276
599616219121.7899,-348
599616219129.4822,-216
599616219137.1746,-202
599616219144.8668,-250
599616219152.5591,-214
599616219160.2515,-194
599616219167.9437,-211
599616219175.6361,-202
599616219183.3284,-187
599616219191.0206,-180
599616219198.713,-173
599616219206.4053,-163
599616219214.0977,-156
599616219221.7899,-146
599616219229.4822,-139
599616219237.1746,-125
599616219244.8668,-108
599616219252.5591,-86
599616219260.2515,-64
599616219267.9437,-50
599616219275.6361,-48
599616219283.3284,-43
599616219291.0206,-45
599616219298.713,-52
599616219306.4053,-60
599616219314.0977,-74
599616219321.7899,-110
599616219329.4822,-151
599616219337.1746,-182
599616219344.5543,-216
599616219352.2466,-245
599616219359.939,-259
599616219367.6312,-266
599616219375.3236,-271
599616219383.0159,-269
599616219390.7081,-269
599616219398.4005,-269
599616219406.0928,-264
599616219413.785,-254
599616219421.4774,-247
599616219429.1697,-252
599616219436.862,-257
599616219444.5543,-252
599616219452.2466,-245
599616219459.939,-245
599616219467.6312,-247
599616219475.3236,-245
599616219483.0159,-240
599616219490.7081,-238
599616219498.4005,-242
599616219506.0928,-245
599616219513.785,-245
599616219521.4774,-245
599616219529.1697,-245
599616219536.862,-245
599616219544.5543,-247
599616219552.2466,-252
599616219559.939,-252
599616219567.6312,-252
599616219575.3236,-250
599616219583.0159,-235
599616219590.7081,-226
599616219598.4005,-218
599616219606.0928,-206
599616219613.785,-214
599616219621.4774,-230
599616219629.1697,-233
599616219636.862,-228
599616219644.5543,-228
599616219652.2466,-228
599616219659.939,-226
599616219667.6312,-221
599616219675.3236,-223
599616219683.0159,-278
599616219690.7081,-355
599616219698.4005,-216
599616219706.0928,274
599616219713.785,820
599616219721.4774,752
599616219729.1697,-197
599616219736.862,-872
599616219744.5543,-521
599616219752.2466,-206
599616219759.939,-324
599616219767.6312,-295
599616219775.3236,-199
599616219783.0159,-238
599616219790.7081,-250
599616219798.4005,-211
599616219806.0928,-209
599616219813.785,-214
599616219821.4774,-199
599616219829.1697,-189
599616219836.862,-189
599616219844.5543,-185
599616219852.2466,-175
599616219859.939,-163
599616219867.6312,-151
599616219875.3236,-139
599616219883.0159,-122
599616219890.7081,-108
599616219898.4005,-96
599616219905.7855,-79
599616219913.4778,-60
599616219921.1702,-55
599616219928.8624,-55
599616219936.5548,-60
599616219944.2471,-67
599616219951.9393,-76
599616219959.6317,-98
599616219967.324,-132
599616219975.0162,-175
599616219982.7086,-211
599616219990.4009,-235
599616219998.0933,-250
599616220005.7855,-264
599616220013.4778,-271
599616220021.1702,-269
599616220028.8624,-264
599616220036.5548,-262
599616220044.2471,-259
599616220051.9393,-254
599616220059.6317,-254
599616220067.324,-257
599616220075.0162,-254
599616220082.7086,-252
599616220090.4009,-250
599616220098.0933,-250
599616220105.7855,-254
599616220113.4778,-257
599616220121.1702,-254
599616220128.8624,-250
599616220136.5548,-252
599616220144.2471,-254
599616220151.9393,-250
599616220159.6317,-247
599616220167.324,-247
599616220175.0162,-245
599616220182.7086,-242
599616220190.4009,-240
599616220198.0933,-240
599616220205.7855,-238
599616220213.4778,-238
599616220221.1702,-245
599616220228.8624,-247
599616220236.5548,-250
599616220244.2471,-252
599616220251.9393,-245
599616220259.6317,-233
599616220267.324,-218
599616220275.0162,-206
599616220282.7086,-216
599616220290.4009,-228
599616220298.0933,-226
599616220305.7855,-223
599616220313.4778,-226
599616220321.1702,-221
599616220328.8624,-214
599616220336.5548,-216
599616220344.2471,-223
599616220351.9393,-266
599616220359.6317,-336
599616220367.324,-218
599616220375.0162,242
599616220382.7086,788
599616220390.4009,774
599616220398.0933,-129
599616220405.7855,-860
599616220413.4778,-555
599616220421.1702,-202
599616220428.8624,-310
599616220436.5548,-298
599616220444.2471,-199
599616220451.9393,-230
599616220459.6317,-245
599616220467.037,-206
599616220474.7292,-206
599616220482.4216,-214
599616220490.1139,-197
599616220497.8063,-189
599616220505.4985,-192
599616220513.1908,-182
599616220520.8832,-170
599616220528.5754,-163
599616220536.2677,-153
599616220543.9601,-139
599616220551.6523,-125
599616220559.3447,-110
599616220567.037,-93
599616220574.7292,-79
599616220582.4216,-69
599616220590.1139,-60
599616220597.8063,-55
599616220605.4985,-57
599616220613.1908,-64
599616220620.8832,-72
599616220628.5754,-93
599616220636.2677,-125
599616220643.9601,-163
599616220651.6523,-202
599616220659.3447,-230
599616220667.037,-247
599616220674.7292,-259
599616220682.4216,-264
599616220690.1139,-262
599616220697.8063,-262
599616220705.4985,-262
599616220713.1908,-254
599616220720.8832,-250
599616220728.5754,-252
599616220736.2677,-252
599616220743.9601,-254
599616220751.6523,-257
599616220759.3447,-254
599616220767.037,-252
599616220774.7292,-254
599616220782.4216,-252
599616220790.1139,-252
599616220797.8063,-252
599616220805.4985,-247
599616220813.1908,-247
599616220820.8832,-247
599616220828.5754,-247
599616220836.2677,-247
599616220843.9601,-245
599616220851.6523,-240
599616220859.3447,-242
599616220867.037,-245
599616220874.7292,-242
599616220882.4216,-242
599616220890.1139,-240
599616220897.8063,-238
599616220905.4985,-235
599616220913.1908,-238
599616220920.8832,-238
599616220928.5754,-233
599616220936.2677,-230
599616220943.9601,-230
599616220951.6523,-230
599616220959.3447,-233
599616220967.037,-240
599616220974.7292,-240
599616220982.4216,-238
599616220990.1139,-233
599616220997.8063,-230
599616221005.4985,-216
599616221013.1908,-192
599616221020.8832,-194
599616221028.2579,-218
599616221035.9502,-228
599616221043.6426,-221
599616221051.3348,-223
599616221059.0272,-223
599616221066.7195,-216
599616221074.4117,-216
599616221082.1041,-221
599616221089.7964,-233
599616221097.4886,-298
599616221105.181,-319
599616221112.8733,-45
599616221120.5657,505
599616221128.2579,877
599616221135.9502,418
599616221143.6426,-591
599616221151.3348,-808
599616221159.0272,-329
599616221166.7195,-238
599616221174.4117,-336
599616221182.1041,-242
599616221189.7964,-211
599616221197.4886,-252
599616221205.181,-226
599616221212.8733,-202
599616221220.5657,-214
599616221228.2579,-209
599616221235.9502,-194
599616221243.6426,-194
599616221251.3348,-192
599616221259.0272,-185
599616221266.7195,-173
599616221274.4117,-163
599616221282.1041,-151
599616221289.7964,-137
599616221297.4886,-122
599616221305.181,-105
599616221312.8733,-88
599616221320.5657,-76
599616221328.2579,-69
599616221335.9502,-60
599616221343.6426,-57
599616221351.3348,-62
599616221359.0272,-67
599616221366.7195,-79
599616221374.4117,-101
599616221382.1041,-134
599616221389.7964,-168
599616221397.4886,-202
599616221405.181,-230
599616221412.8733,-247
599616221420.5657,-262
599616221428.2579,-266
599616221435.9502,-264
599616221443.6426,-259
599616221451.3348,-259
599616221459.0272,-257
599616221466.7195,-254
599616221474.4117,-254
599616221482.1041,-250
599616221489.7964,-250
599616221497.4886,-250
599616221505.181,-250
599616221512.8733,-250
599616221520.5657,-250
599616221528.2579,-247
599616221535.9502,-247
599616221543.6426,-247
599616221551.3348,-250
599616221559.0272,-250
599616221566.7195,-245
599616221574.4117,-245
599616221582.1041,-245
599616221589.489,-245
599616221597.1813,-242
599616221604.8737,-245
599616221612.5659,-245
599616221620.2583,-247
599616221627.9506,-245
599616221635.6428,-242
599616221643.3352,-245
599616221651.0275,-242
599616221658.7197,-240
599616221666.4121,-240
599616221674.1044,-240
599616221681.7968,-240
599616221689.489,-238
599616221697.1813,-233
599616221704.8737,-228
599616221712.5659,-228
599616221720.2583,-228
599616221727.9506,-228
599616221735.6428,-230
599616221743.3352,-235
599616221751.0275,-242
599616221758.7197,-245
599616221766.4121,-233
599616221774.1044,-223
599616221781.7968,-214
599616221789.489,-194
599616221797.1813,-187
599616221804.8737,-211
599616221812.5659,-230
599616221820.2583,-223
599616221827.9506,-223
599616221835.6428,-226
599616221843.3352,-223
599616221851.0275,-218
599616221858.7197,-218
599616221866.4121,-226
599616221874.1044,-264
599616221881.7968,-331
599616221889.489,-228
599616221897.1813,206
599616221904.8737,743
599616221912.5659,755
599616221920.2583,-113
599616221927.9506,-841
599616221935.6428,-557
599616221943.3352,-211
599616221951.0275,-312
599616221958.7197,-295
599616221966.4121,-194
599616221974.1044,-230
599616221981.7968,-247
599616221989.489,-206
599616221997.1813,-202
599616222004.8737,-209
599616222012.5659,-194
599616222020.2583,-189
599616222027.9506,-189
599616222035.6428,-180
599616222043.3352,-170
599616222051.0275,-161
599616222058.7197,-149
599616222066.4121,-134
599616222074.1044,-122
599616222081.7968,-108
599616222089.489,-93
599616222097.1813,-81
599616222104.8737,-67
599616222112.5659,-60
599616222120.2583,-60
599616222127.9506,-60
599616222135.6428,-64
599616222143.3352,-76
599616222150.715,-91
599616222158.4072,-115
599616222166.0996,-146
599616222173.7919,-185
599616222181.4843,-216
599616222189.1765,-238
599616222196.8688,-254
599616222204.5612,-264
599616222212.2534,-266
599616222219.9457,-266
599616222227.6381,-266
599616222235.3303,-262
599616222243.0227,-257
599616222250.715,-259
599616222258.4072,-262
599616222266.0996,-257
599616222273.7919,-257
599616222281.4843,-257
599616222289.1765,-257
599616222296.8688,-257
599616222304.5612,-254
599616222312.2534,-254
599616222319.9457,-257
599616222327.6381,-254
599616222335.3303,-252
599616222343.0227,-252
599616222350.715,-257
599616222358.4072,-259
599616222366.0996,-257
599616222373.7919,-257
599616222381.4843,-257
599616222389.1765,-254
599616222396.8688,-252
599616222404.5612,-250
599616222412.2534,-247
599616222419.9457,-247
599616222427.6381,-247
599616222435.3303,-247
599616222443.0227,-245
599616222450.715,-247
599616222458.4072,-247
599616222466.0996,-242
599616222473.7919,-240
599616222481.4843,-238
599616222489.1765,-235
599616222496.8688,-233
599616222504.5612,-230
599616222512.2534,-228
599616222519.9457,-228
599616222527.6381,-228
599616222535.3303,-228
599616222543.0227,-228
599616222550.715,-223
599616222558.4072,-221
599616222566.0996,-228
599616222573.7919,-238
599616222581.4843,-242
599616222589.1765,-238
599616222596.8688,-230
599616222604.5612,-228
599616222612.2534,-211
599616222619.9457,-189
599616222627.6381,-197
599616222635.3303,-221
599616222643.0227,-226
599616222650.715,-223
599616222658.4072,-221
599616222666.0996,-216
599616222673.7919,-214
599616222681.4843,-216
599616222689.1765,-218
599616222696.8688,-233
599616222704.5612,-300
599616222711.9512,-315
599616222719.6434,-24
599616222727.3358,526
599616222735.0281,860
599616222742.7205,346
599616222750.4127,-639
599616222758.105,-781
599616222765.7974,-310
599616222773.4896,-254
599616222781.1819,-334
599616222788.8743,-230
599616222796.5665,-209
599616222804.2589,-254
599616222811.9512,-228
599616222819.6434,-204
599616222827.3358,-214
599616222835.0281,-206
599616222842.7205,-192
599616222850.4127,-194
599616222858.105,-189
599616222865.7974,-173
599616222873.4896,-161
599616222881.1819,-153
599616222888.8743,-141
599616222896.5665,-129
599616222904.2589,-115
599616222911.9512,-103
599616222919.6434,-91
599616222927.3358,-76
599616222935.0281,-64
599616222942.7205,-60
599616222950.4127,-60
599616222958.105,-60
599616222965.7974,-67
599616222973.4896,-79
599616222981.1819,-98
599616222988.8743,-129
599616222996.5665,-165
599616223004.2589,-197
599616223011.9512,-226
599616223019.6434,-247
599616223027.3358,-262
599616223035.0281,-266
599616223042.7205,-266
599616223050.4127,-266
599616223058.105,-264
599616223065.7974,-262
599616223073.4896,-259
599616223081.1819,-262
599616223088.8743,-262
599616223096.5665,-262
599616223104.2589,-257
599616223111.9512,-254
599616223119.6434,-257
599616223127.3358,-259
599616223135.0281,-257
599616223142.7205,-252
599616223150.4127,-252
599616223158.105,-252
599616223165.7974,-254
599616223173.4896,-254
599616223181.1819,-252
599616223188.8743,-250
599616223196.5665,-247
599616223204.2589,-252
599616223211.9512,-259
599616223219.6434,-259
599616223227.3358,-252
599616223235.0281,-247
599616223242.7205,-247
599616223250.4127,-247
599616223258.105,-250
599616223265.7974,-250
599616223273.1721,-245
599616223280.8644,-242
599616223288.5568,-238
599616223296.249,-235
599616223303.9414,-238
599616223311.6337,-242
599616223319.3259,-238
599616223327.0183,-233
599616223334.7106,-230
599616223342.4028,-233
599616223350.0952,-233
599616223357.7875,-230
599616223365.4799,-226
599616223373.1721,-226
599616223380.8644,-223
599616223388.5568,-226
599616223396.249,-226
599616223403.9414,-226
599616223411.6337,-226
599616223419.3259,-230
599616223427.0183,-233
599616223434.7106,-235
599616223442.4028,-233
599616223450.0952,-230
599616223457.7875,-214
599616223465.4799,-192
599616223473.1721,-192
599616223480.8644,-211
599616223488.5568,-223
599616223496.249,-223
599616223503.9414,-218
599616223511.6337,-216
599616223519.3259,-214
599616223527.0183,-214
599616223534.7106,-218
599616223542.4028,-235
599616223550.0952,-300
599616223557.7875,-307
599616223565.4799,-21
599616223573.1721,521
599616223580.8644,856
599616223588.5568,353
599616223596.249,-632
599616223603.9414,-776
599616223611.6337,-305
599616223619.3259,-254
599616223627.0183,-339
599616223634.7106,-230
599616223642.4028,-204
599616223650.0952,-252
599616223657.7875,-226
599616223665.4799,-202
599616223673.1721,-211
599616223680.8644,-204
599616223688.5568,-189
599616223696.249,-187
599616223703.9414,-185
599616223711.6337,-175
599616223719.3259,-168
599616223727.0183,-158
599616223734.7106,-144
599616223742.4028,-134
599616223750.0952,-120
599616223757.7875,-103
599616223765.4799,-91
599616223773.1721,-84
599616223780.8644,-67
599616223788.5568,-57
599616223796.249,-60
599616223803.9414,-64
599616223811.6337,-69
599616223819.3259,-79
599616223827.0183,-103
599616223834.4236,-134
599616223842.1158,-170
599616223849.8082,-202
599616223857.5005,-228
599616223865.1929,-250
599616223872.8851,-264
599616223880.5774,-271
599616223888.2698,-276
599616223895.962,-276
599616223903.6543,-271
599616223911.3467,-266
599616223919.039,-262
599616223926.7313,-257
599616223934.4236,-259
599616223942.1158,-259
599616223949.8082,-257
599616223957.5005,-257
599616223965.1929,-257
599616223972.8851,-254
599616223980.5774,-252
599616223988.2698,-250
599616223995.962,-250
599616224003.6543,-252
599616224011.3467,-250
599616224019.039,-252
599616224026.7313,-254
599616224034.4236,-254
599616224042.1158,-254
599616224049.8082,-252
599616224057.5005,-252
599616224065.1929,-250
599616224072.8851,-250
599616224080.5774,-252
599616224088.2698,-252
599616224095.962,-250
599616224103.6543,-247
599616224111.3467,-245
599616224119.039,-242
599616224126.7313,-240
599616224134.4236,-240
599616224142.1158,-242
599616224149.8082,-240
599616224157.5005,-235
599616224165.1929,-238
599616224172.8851,-235
599616224180.5774,-230
599616224188.2698,-230
599616224195.962,-230
599616224203.6543,-228
599616224211.3467,-226
599616224219.039,-223
599616224226.7313,-226
599616224234.4236,-228
599616224242.1158,-226
599616224249.8082,-228
599616224257.5005,-233
599616224265.1929,-238
599616224272.8851,-240
599616224280.5774,-242
599616224288.2698,-242
599616224295.962,-228
599616224303.6543,-199
599616224311.3467,-192
599616224319.039,-214
599616224326.7313,-230
599616224334.4236,-228
599616224342.1158,-226
599616224349.8082,-221
599616224357.5005,-216
599616224365.1929,-216
599616224372.8851,-218
599616224380.5774,-235
599616224388.2698,-303
599616224395.6445,-315
599616224403.3368,-26
599616224411.0292,512
599616224418.7214,846
599616224426.4138,348
599616224434.1061,-637
599616224441.7983,-788
599616224449.4907,-310
599616224457.183,-247
599616224464.8752,-334
599616224472.5676,-230
599616224480.2599,-206
599616224487.9523,-252
599616224495.6445,-226
599616224503.3368,-202
599616224511.0292,-214
599616224518.7214,-209
599616224526.4138,-189
599616224534.1061,-185
599616224541.7983,-182
599616224549.4907,-173
599616224557.183,-163
599616224564.8752,-151
599616224572.5676,-141
599616224580.2599,-132
599616224587.9523,-115
599616224595.6445,-98
599616224603.3368,-84
599616224611.0292,-69
599616224618.7214,-57
599616224626.4138,-52
599616224634.1061,-52
599616224641.7983,-55
599616224649.4907,-57
599616224657.183,-67
599616224664.8752,-91
599616224672.5676,-125
599616224680.2599,-161
599616224687.9523,-194
599616224695.6445,-226
599616224703.3368,-247
599616224711.0292,-259
599616224718.7214,-266
599616224726.4138,-266
599616224734.1061,-266
599616224741.7983,-264
599616224749.4907,-264
599616224757.183,-262
599616224764.8752,-257
599616224772.5676,-254
599616224780.2599,-257
599616224787.9523,-259
599616224795.6445,-257
599616224803.3368,-252
599616224811.0292,-252
599616224818.7214,-252
599616224826.4138,-252
599616224834.1061,-252
599616224841.7983,-252
599616224849.4907,-252
599616224857.183,-252
599616224864.8752,-254
599616224872.5676,-257
599616224880.2599,-257
599616224887.9523,-254
599616224895.6445,-250
599616224903.3368,-247
599616224911.0292,-250
599616224918.7214,-252
599616224926.4138,-252
599616224934.1061,-250
599616224941.7983,-245
599616224949.4907,-245
599616224956.8756,-245
599616224964.5679,-245
599616224972.2603,-242
599616224979.9525,-242
599616224987.6449,-240
599616224995.3372,-238
599616225003.0294,-235
599616225010.7218,-238
599616225018.4141,-240
599616225026.1063,-235
599616225033.7987,-233
599616225041.491,-235
599616225049.1833,-238
599616225056.8756,-242
599616225064.5679,-247
599616225072.2603,-245
599616225079.9525,-240
599616225087.6449,-235
599616225095.3372,-209
599616225103.0294,-194
599616225110.7218,-216
599616225118.4141,-233
599616225126.1063,-228
599616225133.7987,-226
599616225141.491,-223
599616225149.1833,-221
599616225156.8756,-221
599616225164.5679,-218
599616225172.2603,-230
599616225179.9525,-290
599616225187.6449,-327
599616225195.3372,-113
599616225203.0294,396
599616225210.7218,827
599616225218.4141,509
599616225226.1063,-480
599616225233.7987,-841
599616225241.491,-384
599616225249.1833,-223
599616225256.8756,-339
599616225264.5679,-257
599616225272.2603,-197
599616225279.9525,-245
599616225287.6449,-235
599616225295.3372,-202
599616225303.0294,-206
599616225310.7218,-209
599616225318.4141,-197
599616225326.1063,-189
599616225333.7987,-187
599616225341.491,-175
599616225349.1833,-163
599616225356.8756,-156
599616225364.5679,-146
599616225372.2603,-132
599616225379.9525,-115
599616225387.6449,-101
599616225395.3372,-86
599616225403.0294,-67
599616225410.7218,-55
599616225418.4141,-55
599616225426.1063,-52
599616225433.7987,-48
599616225441.491,-57
599616225449.1833,-72
599616225456.8756,-91
599616225464.5679,-122
599616225472.2603,-158
599616225479.9525,-192
599616225487.6449,-230
599616225495.3372,-257
599616225503.0294,-266
599616225510.7218,-276
599616225518.1017,-286
599616225525.794,-283
599616225533.4863,-276
599616225541.1786,-276
599616225548.871,-274
599616225556.5632,-269
599616225564.2555,-266
599616225571.9479,-266
599616225579.6401,-269
599616225587.3324,-271
599616225595.0248,-266
599616225602.717,-266
599616225610.4094,-274
599616225618.1017,-274
599616225625.794,-266
599616225633.4863,-262
599616225641.1786,-269
599616225648.871,-274
599616225656.5632,-266
599616225664.2555,-262
599616225671.9479,-271
599616225679.6401,-274
599616225687.3324,-266
599616225695.0248,-266
599616225702.717,-269
599616225710.4094,-266
599616225718.1017,-264
599616225725.794,-264
599616225733.4863,-266
599616225741.1786,-264
599616225748.871,-264
599616225756.5632,-262
599616225764.2555,-259
599616225771.9479,-262
599616225779.6401,-262
599616225787.3324,-262
599616225795.0248,-269
599616225802.717,-271
599616225810.4094,-269
599616225818.1017,-266
599616225825.794,-262
599616225833.4863,-247
599616225841.1786,-228
599616225848.871,-223
599616225856.5632,-242
599616225864.2555,-252
599616225871.9479,-250
599616225879.6401,-245
599616225887.3324,-250
599616225895.0248,-252
599616225902.717,-240
599616225910.4094,-228
599616225918.1017,-250
599616225925.794,-324
599616225933.4863,-334
599616225941.1786,-57
599616225948.871,478
599616225956.5632,839
599616225964.2555,331
599616225971.9479,-699
599616225979.6401,-853
599616225987.3324,-348
599616225995.0248,-283
599616226002.717,-370
599616226010.4094,-247
599616226018.1017,-216
599616226025.794,-269
599616226033.4863,-250
599616226041.1786,-223
599616226048.871,-226
599616226056.5632,-214
599616226064.2555,-209
599616226071.9479,-214
599616226079.3276,-199
599616226087.0199,-180
599616226094.7123,-175
599616226102.4045,-170
599616226110.0969,-158
599616226117.7892,-141
599616226125.4814,-132
599616226133.1738,-115
599616226140.8661,-96
599616226148.5583,-79
599616226156.2507,-64
599616226163.943,-57
599616226171.6354,-62
599616226179.3276,-62
599616226187.0199,-72
599616226194.7123,-86
599616226202.4045,-105
599616226210.0969,-146
599616226217.7892,-199
599616226225.4814,-240
599616226233.1738,-274
599616226240.8661,-298
599616226248.5583,-312
599616226256.2507,-317
599616226263.943,-312
599616226271.6354,-310
599616226279.3276,-312
599616226287.0199,-312
599616226294.7123,-310
599616226302.4045,-307
599616226310.0969,-307
599616226317.7892,-300
599616226325.4814,-283
599616226333.1738,-283
599616226340.8661,-293
599616226348.5583,-288
599616226356.2507,-283
599616226363.943,-290
599616226371.6354,-288
599616226379.3276,-274
599616226387.0199,-276
599616226394.7123,-283
599616226402.4045,-283
599616226410.0969,-281
599616226417.7892,-278
599616226425.4814,-276
599616226433.1738,-278
599616226440.8661,-281
599616226448.5583,-274
599616226456.2507,-269
599616226463.943,-274
599616226471.6354,-274
599616226479.3276,-269
599616226487.0199,-269
599616226494.7123,-274
599616226502.4045,-278
599616226510.0969,-276
599616226517.7892,-262
599616226525.4814,-245
599616226533.1738,-242
599616226540.8661,-238
599616226548.5583,-230
599616226556.2507,-240
599616226563.943,-257
599616226571.6354,-257
599616226579.3276,-252
599616226587.0199,-259
599616226594.7123,-262
599616226602.4045,-250
599616226610.0969,-247
599616226617.7892,-271
599616226625.4814,-339
599616226633.1738,-353
599616226640.5537,-76
599616226648.246,483
599616226655.9384,875
599616226663.6306,367
599616226671.323,-704
599616226679.0153,-882
599616226686.7075,-360
599616226694.3999,-290
599616226702.0922,-384
599616226709.7844,-257
599616226717.4768,-223
599616226725.1691,-271
599616226732.8615,-238
599616226740.5537,-226
599616226748.246,-245
599616226755.9384,-223
599616226763.6306,-202
599616226771.323,-211
599616226779.0153,-202
599616226786.7075,-180
599616226794.3999,-187
599616226802.0922,-185
599616226809.7844,-156
599616226817.4768,-141
599616226825.1691,-137
599616226832.8615,-113
599616226840.5537,-79
599616226848.246,-62
599616226855.9384,-67
599616226863.6306,-62
599616226871.323,-48
599616226879.0153,-45
599616226886.7075,-52
599616226894.3999,-76
599616226902.0922,-115
599616226909.7844,-158
599616226917.4768,-204
599616226925.1691,-242
599616226932.8615,-269
599616226940.5537,-290
599616226948.246,-312
599616226955.9384,-324
599616226963.6306,-315
599616226971.323,-305
599616226979.0153,-312
599616226986.7075,-310
599616226994.3999,-295
599616227002.0922,-290
599616227009.7844,-300
599616227017.4768,-300
599616227025.1691,-293
599616227032.8615,-288
599616227040.5537,-290
599616227048.246,-286
599616227055.9384,-281
599616227063.6306,-288
599616227071.323,-288
599616227079.0153,-276
599616227086.7075,-281
599616227094.3999,-290
599616227102.0922,-281
599616227109.7844,-269
599616227117.4768,-278
599616227125.1691,-283
599616227132.8615,-276
599616227140.5537,-276
599616227148.246,-283
599616227155.9384,-281
599616227163.6306,-281
599616227171.323,-276
599616227179.0153,-262
599616227186.7075,-254
599616227194.3999,-247
599616227201.7797,-233
599616227209.4719,-245
599616227217.1643,-257
599616227224.8566,-257
599616227232.549,-259
599616227240.2412,-254
599616227247.9335,-252
599616227255.6259,-252
599616227263.3181,-245
599616227271.0104,-252
599616227278.7028,-319
599616227286.395,-384
599616227294.0874,-197
599616227301.7797,327
599616227309.4719,858
599616227317.1643,618
599616227324.8566,-464
599616227332.549,-937
599616227340.2412,-444
599616227347.9335,-245
599616227355.6259,-382
599616227363.3181,-283
599616227371.0104,-197
599616227378.7028,-259
599616227386.395,-257
599616227394.0874,-209
599616227401.7797,-216
599616227409.4719,-221
599616227417.1643,-202
599616227424.8566,-192
599616227432.549,-189
599616227440.2412,-180
599616227447.9335,-168
599616227455.6259,-161
599616227463.3181,-151
599616227471.0104,-134
599616227478.7028,-115
599616227486.395,-98
599616227494.0874,-79
599616227501.7797,-60
599616227509.4719,-48
599616227517.1643,-45
599616227524.8566,-36
599616227532.549,-33
599616227540.2412,-50
599616227547.9335,-69
599616227555.6259,-91
599616227563.3181,-132
599616227571.0104,-180
599616227578.7028,-218
599616227586.395,-254
599616227594.0874,-283
599616227601.7797,-293
599616227609.4719,-295
599616227617.1643,-293
599616227624.8566,-288
599616227632.549,-290
599616227640.2412,-288
599616227647.9335,-276
599616227655.6259,-271
599616227663.3181,-274
599616227671.0104,-266
599616227678.7028,-264
599616227686.395,-264
599616227694.0874,-262
599616227701.7797,-259
599616227709.4719,-262
599616227717.1643,-259
599616227724.8566,-254
599616227732.549,-257
599616227740.2412,-257
599616227747.9335,-252
599616227755.6259,-250
599616227763.0007,-250
599616227770.693,-247
599616227778.3854,-250
599616227786.0776,-247
599616227793.77,-245
599616227801.4623,-245
599616227809.1545,-250
599616227816.8469,-250
599616227824.5392,-250
599616227832.2314,-250
599616227839.9238,-242
599616227847.6161,-230
599616227855.3085,-221
599616227863.0007,-206
599616227870.693,-199
599616227878.3854,-211
599616227886.0776,-221
599616227893.77,-221
599616227901.4623,-218
599616227909.1545,-216
599616227916.8469,-214
599616227924.5392,-211
599616227932.2314,-209
599616227939.9238,-223
599616227947.6161,-295
599616227955.3085,-346
599616227963.0007,-115
599616227970.693,442
599616227978.3854,925
599616227986.0776,613
599616227993.77,-437
599616228001.4623,-851
599616228009.1545,-389
599616228016.8469,-218
599616228024.5392,-339
599616228032.2314,-252
599616228039.9238,-192
599616228047.6161,-245
599616228055.3085,-233
599616228063.0007,-199
599616228070.693,-206
599616228078.3854,-204
599616228086.0776,-189
599616228093.77,-187
599616228101.4623,-185
599616228109.1545,-173
599616228116.8469,-165
599616228124.5392,-158
599616228132.2314,-144
599616228139.9238,-127
599616228147.6161,-115
599616228155.3085,-98
599616228163.0007,-81
599616228170.693,-67
599616228178.3854,-52
599616228186.0776,-38
599616228193.77,-33
599616228201.4623,-38
599616228209.1545,-48
599616228216.8469,-60
599616228224.5392,-84
599616228232.2314,-125
599616228239.9238,-170
599616228247.6161,-209
599616228255.3085,-230
599616228263.0007,-250
599616228270.693,-266
599616228278.3854,-269
599616228286.0776,-264
599616228293.77,-264
599616228301.4623,-259
599616228309.1545,-254
599616228316.8469,-252
599616228324.2318,-257
599616228331.9241,-254
599616228339.6165,-252
599616228347.3087,-250
599616228355.0011,-252
599616228362.6934,-250
599616228370.3856,-250
599616228378.078,-250
599616228385.7703,-252
599616228393.4625,-254
599616228401.1549,-252
599616228408.8472,-250
599616228416.5396,-250
599616228424.2318,-250
599616228431.9241,-247
599616228439.6165,-247
599616228447.3087,-250
599616228455.0011,-247
599616228462.6934,-240
599616228470.3856,-235
599616228478.078,-238
599616228485.7703,-238
599616228493.4625,-240
599616228501.1549,-245
599616228508.8472,-247
599616228516.5396,-250
599616228524.2318,-245
599616228531.9241,-233
599616228539.6165,-228
599616228547.3087,-218
599616228555.0011,-199
599616228562.6934,-206
599616228570.3856,-230
599616228578.078,-233
599616228585.7703,-226
599616228593.4625,-226
599616228601.1549,-223
599616228608.8472,-218
599616228616.5396,-221
599616228624.2318,-223
599616228631.9241,-250
599616228639.6165,-324
599616228647.3087,-276
599616228655.0011,115
599616228662.6934,692
599616228670.3856,877
599616228678.078,129
599616228685.7703,-795
599616228693.4625,-687
599616228701.1549,-230
599616228708.8472,-276
599616228716.5396,-322
599616228724.2318,-209
599616228731.9241,-218
599616228739.6165,-252
599616228747.3087,-216
599616228755.0011,-202
599616228762.6934,-214
599616228770.3856,-202
599616228778.078,-187
599616228785.7703,-189
599616228793.4625,-185
599616228801.1549,-173
599616228808.8472,-163
599616228816.5396,-156
599616228824.2318,-144
599616228831.9241,-134
599616228839.6165,-117
599616228847.3087,-98
599616228855.0011,-81
599616228862.6934,-67
599616228870.3856,-55
599616228878.078,-48
599616228885.4578,-50
599616228893.15,-55
599616228900.8424,-62
599616228908.5347,-81
599616228916.227,-115
599616228923.9193,-156
599616228931.6116,-194
599616228939.304,-228
599616228946.9962,-250
599616228954.6885,-264
599616228962.3809,-271
599616228970.0731,-274
599616228977.7655,-274
599616228985.4578,-269
599616228993.15,-264
599616229000.8424,-264
599616229008.5347,-264
599616229016.227,-262
599616229023.9193,-259
599616229031.6116,-257
599616229039.304,-257
599616229046.9962,-259
599616229054.6885,-262
599616229062.3809,-262
599616229070.0731,-262
599616229077.7655,-257
599616229085.4578,-254
599616229093.15,-252
599616229100.8424,-252
599616229108.5347,-252
599616229116.227,-254
599616229123.9193,-252
599616229131.6116,-250
599616229139.304,-250
599616229146.9962,-247
599616229154.6885,-245
599616229162.3809,-245
599616229170.0731,-245
599616229177.7655,-245
599616229185.4578,-242
599616229193.15,-242
599616229200.8424,-242
599616229208.5347,-240
599616229216.227,-242
599616229223.9193,-240
599616229231.6116,-242
599616229239.304,-250
599616229246.9962,-257
599616229254.6885,-259
599616229262.3809,-250
599616229270.0731,-238
599616229277.7655,-226
599616229285.4578,-209
599616229293.15,-199
599616229300.8424,-218
599616229308.5347,-238
599616229316.227,-233
599616229323.9193,-233
599616229331.6116,-238
599616229339.304,-235
599616229346.9962,-228
599616229354.6885,-226
599616229362.3809,-233
599616229370.0731,-274
599616229377.7655,-341
599616229385.4578,-233
599616229393.15,221
599616229400.8424,762
599616229408.5347,769
599616229416.227,-110
599616229423.9193,-858
599616229431.6116,-569
599616229439.304,-204
599616229446.6837,-305
599616229454.376,-303
599616229462.0684,-204
599616229469.7606,-235
599616229477.453,-252
599616229485.1453,-209
599616229492.8375,-206
599616229500.5299,-216
599616229508.2222,-202
599616229515.9144,-192
599616229523.6068,-194
599616229531.2991,-185
599616229538.9915,-173
599616229546.6837,-163
599616229554.376,-153
599616229562.0684,-139
599616229569.7606,-127
599616229577.453,-113
599616229585.1453,-96
599616229592.8375,-76
599616229600.5299,-62
599616229608.2222,-55
599616229615.9144,-48
599616229623.6068,-48
599616229631.2991,-52
599616229638.9915,-60
599616229646.6837,-81
599616229654.376,-113
599616229662.0684,-149
599616229669.7606,-185
599616229677.453,-218
599616229685.1453,-238
599616229692.8375,-252
599616229700.5299,-259
599616229708.2222,-257
599616229715.9144,-254
599616229723.6068,-254
599616229731.2991,-250
599616229738.9915,-247
599616229746.6837,-245
599616229754.376,-242
599616229762.0684,-240
599616229769.7606,-242
599616229777.453,-242
599616229785.1453,-240
599616229792.8375,-240
599616229800.5299,-242
599616229808.2222,-242
599616229815.9144,-240
599616229823.6068,-242
599616229831.2991,-245
599616229838.9915,-242
599616229846.6837,-238
599616229854.376,-240
599616229862.0684,-240
599616229869.7606,-238
599616229877.453,-238
599616229885.1453,-235
599616229892.8375,-233
599616229900.5299,-235
599616229908.2222,-235
599616229915.9144,-233
599616229923.6068,-233
599616229931.2991,-233
599616229938.9915,-233
599616229946.6837,-233
599616229954.376,-233
599616229962.0684,-235
599616229969.7606,-238
599616229977.453,-235
599616229985.1453,-242
599616229992.8375,-252
599616230000.5299,-247
599616230007.9149,-238
599616230015.6072,-228
599616230023.2996,-216
599616230030.9918,-197
599616230038.6842,-197
599616230046.3765,-218
599616230054.0687,-230
599616230061.7611,-228
599616230069.4534,-226
599616230077.1456,-223
599616230084.838,-221
599616230092.5303,-221
599616230100.2227,-218
599616230107.9149,-228
599616230115.6072,-283
599616230123.2996,-327
599616230130.9918,-127
599616230138.6842,377
599616230146.3765,820
599616230154.0687,545
599616230161.7611,-425
599616230169.4534,-836
599616230177.1456,-401
599616230184.838,-209
599616230192.5303,-317
599616230200.2227,-247
599616230207.9149,-187
599616230215.6072,-230
599616230223.2996,-218
599616230230.9918,-185
599616230238.6842,-189
599616230246.3765,-189
599616230254.0687,-170
599616230261.7611,-165
599616230269.4534,-161
599616230277.1456,-151
599616230284.838,-144
599616230292.5303,-137
599616230300.2227,-125
599616230307.9149,-113
599616230315.6072,-101
599616230323.2996,-88
599616230330.9918,-76
599616230338.6842,-67
599616230346.3765,-55
599616230354.0687,-45
599616230361.7611,-43
599616230369.4534,-48
599616230377.1456,-52
599616230384.838,-62
599616230392.5303,-84
599616230400.2227,-117
599616230407.9149,-153
599616230415.6072,-192
599616230423.2996,-221
599616230430.9918,-242
599616230438.6842,-254
599616230446.3765,-257
599616230454.0687,-259
599616230461.7611,-259
599616230469.4534,-254
599616230477.1456,-252
599616230484.838,-252
599616230492.5303,-252
599616230500.2227,-250
599616230507.9149,-250
599616230515.6072,-245
599616230523.2996,-242
599616230530.9918,-242
599616230538.6842,-242
599616230546.3765,-242
599616230554.0687,-242
599616230561.7611,-245
599616230569.1359,-242
599616230576.8281,-240
599616230584.5205,-240
599616230592.2128,-242
599616230599.9052,-245
599616230607.5974,-240
599616230615.2897,-238
599616230622.982,-240
599616230630.6743,-245
599616230638.3666,-247
599616230646.059,-247
599616230653.7512,-245
599616230661.4436,-245
599616230669.1359,-247
599616230676.8281,-247
599616230684.5205,-245
599616230692.2128,-240
599616230699.9052,-235
599616230707.5974,-235
599616230715.2897,-238
599616230722.982,-242
599616230730.6743,-240
599616230738.3666,-233
599616230746.059,-226
599616230753.7512,-230
599616230761.4436,-240
599616230769.1359,-240
599616230776.8281,-238
599616230784.5205,-233
599616230792.2128,-230
599616230799.9052,-221
599616230807.5974,-202
599616230815.2897,-202
599616230822.982,-226
599616230830.6743,-233
599616230838.3666,-230
599616230846.059,-230
599616230853.7512,-223
599616230861.4436,-218
599616230869.1359,-228
599616230876.8281,-230
599616230884.5205,-240
599616230892.2128,-305
599616230899.9052,-319
599616230907.5974,-38
599616230915.2897,497
599616230922.982,841
599616230930.6743,363
599616230938.3666,-613
599616230946.059,-783
599616230953.7512,-329
599616230961.4436,-266
599616230969.1359,-346
599616230976.8281,-242
599616230984.5205,-214
599616230992.2128,-257
599616230999.9052,-233
599616231007.5974,-211
599616231015.2897,-218
599616231022.982,-209
599616231030.6743,-194
599616231038.3666,-194
599616231046.059,-187
599616231053.7512,-173
599616231061.4436,-170
599616231069.1359,-168
599616231076.8281,-149
599616231084.5205,-129
599616231092.2128,-117
599616231099.9052,-105
599616231107.5974,-91
599616231115.2897,-79
599616231122.982,-67
599616231130.3618,-60
599616231138.0541,-57
599616231145.7465,-62
599616231153.4387,-72
599616231161.1311,-84
599616231168.8234,-103
599616231176.5156,-139
599616231184.208,-180
599616231191.9003,-211
599616231199.5925,-238
599616231207.2849,-259
599616231214.9772,-274
599616231222.6696,-283
599616231230.3618,-283
599616231238.0541,-281
599616231245.7465,-281
599616231253.4387,-276
599616231261.1311,-269
599616231268.8234,-271
599616231276.5156,-274
599616231284.208,-269
599616231291.9003,-262
599616231299.5925,-257
599616231307.2849,-254
599616231314.9772,-254
599616231322.6696,-254
599616231330.3618,-254
599616231338.0541,-257
599616231345.7465,-259
599616231353.4387,-259
599616231361.1311,-257
599616231368.8234,-252
599616231376.5156,-250
599616231384.208,-250
599616231391.9003,-250
599616231399.5925,-247
599616231407.2849,-245
599616231414.9772,-245
599616231422.6696,-240
599616231430.3618,-238
599616231438.0541,-240
599616231445.7465,-242
599616231453.4387,-242
599616231461.1311,-245
599616231468.8234,-252
599616231476.5156,-250
599616231484.208,-240
599616231491.9003,-235
599616231499.5925,-226
599616231507.2849,-199
599616231514.9772,-192
599616231522.6696,-211
599616231530.3618,-226
599616231538.0541,-221
599616231545.7465,-221
599616231553.4387,-223
599616231561.1311,-221
599616231568.8234,-218
599616231576.5156,-216
599616231584.208,-233
599616231591.9003,-300
599616231599.5925,-322
599616231607.2849,-69
599616231614.9772,456
599616231622.6696,827
599616231630.3618,396
599616231638.0541,-581
599616231645.7465,-805
599616231653.4387,-343
599616231661.1311,-247
599616231668.8234,-331
599616231676.5156,-228
599616231684.208,-194
599616231691.6082,-245
599616231699.3004,-221
599616231706.9928,-194
599616231714.685,-206
599616231722.3774,-204
599616231730.0697,-185
599616231737.762,-182
599616231745.4543,-177
599616231753.1466,-165
599616231760.8389,-158
599616231768.5312,-151
599616231776.2235,-137
599616231783.9159,-122
599616231791.6082,-110
599616231799.3004,-96
599616231806.9928,-79
599616231814.685,-67
599616231822.3774,-60
599616231830.0697,-55
599616231837.762,-52
599616231845.4543,-60
599616231853.1466,-69
599616231860.8389,-84
599616231868.5312,-108
599616231876.2235,-144
599616231883.9159,-180
599616231891.6082,-214
599616231899.3004,-242
599616231906.9928,-262
599616231914.685,-271
599616231922.3774,-276
599616231930.0697,-276
599616231937.762,-276
599616231945.4543,-271
599616231953.1466,-269
599616231960.8389,-266
599616231968.5312,-264
599616231976.2235,-262
599616231983.9159,-262
599616231991.6082,-262
599616231999.3004,-257
599616232006.9928,-257
599616232014.685,-257
599616232022.3774,-257
599616232030.0697,-254
599616232037.762,-254
599616232045.4543,-254
599616232053.1466,-257
599616232060.8389,-257
599616232068.5312,-254
599616232076.2235,-257
599616232083.9159,-259
599616232091.6082,-257
599616232099.3004,-254
599616232106.9928,-254
599616232114.685,-254
599616232122.3774,-257
599616232130.0697,-262
599616232137.762,-266
599616232145.4543,-269
599616232153.1466,-266
599616232160.8389,-254
599616232168.5312,-245
599616232176.2235,-235
599616232183.9159,-216
599616232191.6082,-214
599616232199.3004,-238
599616232206.9928,-252
599616232214.685,-247
599616232222.3774,-240
599616232230.0697,-238
599616232237.762,-233
599616232245.4543,-230
599616232252.8292,-233
599616232260.5215,-262
599616232268.2139,-331
599616232275.9061,-305
599616232283.5985,43
599616232291.2908,601
599616232298.983,820
599616232306.6754,153
599616232314.3677,-755
599616232322.0599,-711
599616232329.7523,-264
599616232337.4446,-276
599616232345.137,-324
599616232352.8292,-218
599616232360.5215,-218
599616232368.2139,-252
599616232375.9061,-218
599616232383.5985,-204
599616232391.2908,-216
599616232398.983,-204
599616232406.6754,-187
599616232414.3677,-182
599616232422.0599,-180
599616232429.7523,-168
599616232437.4446,-161
599616232445.137,-151
599616232452.8292,-137
599616232460.5215,-122
599616232468.2139,-108
599616232475.9061,-96
599616232483.5985,-86
599616232491.2908,-69
599616232498.983,-50
599616232506.6754,-45
599616232514.3677,-57
599616232522.0599,-74
599616232529.7523,-86
599616232537.4446,-91
599616232545.137,-108
599616232552.8292,-139
599616232560.5215,-177
599616232568.2139,-214
599616232575.9061,-242
599616232583.5985,-254
599616232591.2908,-262
599616232598.983,-262
599616232606.6754,-257
599616232614.3677,-264
599616232622.0599,-281
599616232629.7523,-276
599616232637.4446,-262
599616232645.137,-252
599616232652.8292,-252
599616232660.5215,-257
599616232668.2139,-259
599616232675.9061,-262
599616232683.5985,-262
599616232691.2908,-264
599616232698.983,-271
599616232706.6754,-269
599616232714.3677,-262
599616232722.0599,-257
599616232729.7523,-254
599616232737.4446,-252
599616232745.137,-257
599616232752.8292,-259
599616232760.5215,-250
599616232768.2139,-250
599616232775.9061,-250
599616232783.5985,-250
599616232791.2908,-259
599616232798.983,-262
599616232806.6754,-262
599616232814.0399,-269
599616232821.7322,-264
599616232829.4246,-252
599616232837.1168,-245
599616232844.8092,-235
599616232852.5015,-223
599616232860.1937,-233
599616232867.8861,-242
599616232875.5784,-247
599616232883.2706,-257
599616232890.963,-264
599616232898.6553,-257
599616232906.3477,-242
599616232914.0399,-240
599616232921.7322,-252
599616232929.4246,-274
599616232937.1168,-334
599616232944.8092,-319
599616232952.5015,19
599616232960.1937,601
599616232967.8861,841
599616232975.5784,115
599616232983.2706,-846
599616232990.963,-759
599616232998.6553,-283
599616233006.3477,-315
599616233014.0399,-353
599616233021.7322,-226
599616233029.4246,-226
599616233037.1168,-259
599616233044.8092,-235
599616233052.5015,-226
599616233060.1937,-226
599616233067.8861,-206
599616233075.5784,-197
599616233083.2706,-204
599616233090.963,-197
599616233098.6553,-180
599616233106.3477,-165
599616233114.0399,-153
599616233121.7322,-153
599616233129.4246,-144
599616233137.1168,-110
599616233144.8092,-88
599616233152.5015,-88
599616233160.1937,-69
599616233167.8861,-50
599616233175.5784,-57
599616233183.2706,-57
599616233190.963,-52
599616233198.6553,-69
599616233206.3477,-93
599616233214.0399,-117
599616233221.7322,-156
599616233229.4246,-209
599616233237.1168,-252
599616233244.8092,-281
599616233252.5015,-307
599616233260.1937,-312
599616233267.8861,-307
599616233275.5784,-315
599616233283.2706,-310
599616233290.963,-303
599616233298.6553,-317
599616233306.3477,-315
599616233314.0399,-295
599616233321.7322,-290
599616233329.4246,-288
599616233337.1168,-283
599616233344.8092,-288
599616233352.5015,-288
599616233360.1937,-286
599616233367.8861,-288
599616233375.2659,-288
599616233382.9581,-281
599616233390.6505,-278
599616233398.3428,-283
599616233406.0352,-286
599616233413.7274,-283
599616233421.4197,-286
599616233429.112,-290
599616233436.8043,-288
599616233444.4966,-288
599616233452.189,-290
599616233459.8812,-293
599616233467.5736,-288
599616233475.2659,-281
599616233482.9581,-271
599616233490.6505,-254
599616233498.3428,-252
599616233506.0352,-276
599616233513.7274,-295
599616233521.4197,-281
599616233529.112,-262
599616233536.8043,-259
599616233544.4966,-252
599616233552.189,-245
599616233559.8812,-250
599616233567.5736,-281
599616233575.2659,-358
599616233582.9581,-324
599616233590.6505,67
599616233598.3428,666
599616233606.0352,853
599616233613.7274,79
599616233621.4197,-824
599616233629.112,-678
599616233636.8043,-247
599616233644.4966,-312
599616233652.189,-312
599616233659.8812,-170
599616233667.5736,-192
599616233675.2659,-221
599616233682.9581,-168
599616233690.6505,-156
599616233698.3428,-161
599616233706.0352,-141
599616233713.7274,-127
599616233721.4197,-120
599616233729.112,-108
599616233736.8043,-103
599616233744.4966,-101
599616233752.189,-84
599616233759.8812,-69
599616233767.5736,-62
599616233775.2659,-48
599616233782.9581,-33
599616233790.6505,-21
599616233798.3428,-7
599616233806.0352,0
599616233813.7274,-4
599616233821.4197,-9
599616233829.112,-16
599616233836.8043,-33
599616233844.4966,-55
599616233852.189,-84
599616233859.8812,-125
599616233867.5736,-168
599616233875.2659,-206
599616233882.9581,-228
599616233890.6505,-240
599616233898.3428,-247
599616233906.0352,-250
599616233913.7274,-245
599616233921.4197,-242
599616233929.112,-240
599616233936.492,-238
599616233944.1842,-238
599616233951.8766,-233
599616233959.5688,-230
599616233967.2612,-238
599616233974.9535,-242
599616233982.6458,-238
599616233990.3381,-240
599616233998.0304,-250
599616234005.7227,-252
599616234013.415,-252
599616234021.1073,-254
599616234028.7997,-257
599616234036.492,-254
599616234044.1842,-254
599616234051.8766,-257
599616234059.5688,-264
599616234067.2612,-262
599616234074.9535,-259
599616234082.6458,-266
599616234090.3381,-274
599616234098.0304,-271
599616234105.7227,-264
599616234113.415,-254
599616234121.1073,-247
599616234128.7997,-233
599616234136.492,-221
599616234144.1842,-233
599616234151.8766,-257
599616234159.5688,-259
599616234167.2612,-254
599616234174.9535,-259
599616234182.6458,-264
599616234190.3381,-257
599616234198.0304,-240
599616234205.7227,-230
599616234213.415,-278
599616234221.1073,-360
599616234228.7997,-238
599616234236.492,223
599616234244.1842,723
599616234251.8766,685
599616234259.5688,-146
599616234267.2612,-817
599616234274.9535,-562
599616234282.6458,-250
599616234290.3381,-305
599616234298.0304,-266
599616234305.7227,-199
599616234313.415,-242
599616234321.1073,-247
599616234328.7997,-218
599616234336.492,-223
599616234344.1842,-221
599616234351.8766,-204
599616234359.5688,-204
599616234367.2612,-202
599616234374.9535,-182
599616234382.6458,-177
599616234390.3381,-180
599616234398.0304,-165
599616234405.7227,-137
599616234413.415,-117
599616234421.1073,-125
599616234428.7997,-113
599616234436.492,-84
599616234444.1842,-79
599616234451.8766,-84
599616234459.5688,-81
599616234467.2612,-74
599616234474.9535,-76
599616234482.6458,-93
599616234490.3381,-117
599616234497.7129,-134
599616234505.4052,-153
599616234513.0975,-187
599616234520.7898,-211
599616234528.4822,-233
599616234536.1744,-259
599616234543.8667,-257
599616234551.5591,-245
599616234559.2513,-259
599616234566.9436,-262
599616234574.636,-230
599616234582.3282,-221
599616234590.0206,-252
599616234597.7129,-264
599616234605.4052,-242
599616234613.0975,-238
599616234620.7898,-235
599616234628.4822,-230
599616234636.1744,-226
599616234643.8667,-226
599616234651.5591,-242
599616234659.2513,-254
599616234666.9436,-240
599616234674.636,-228
599616234682.3282,-235
599616234690.0206,-238
599616234697.7129,-245
599616234705.4052,-247
599616234713.0975,-238
599616234720.7898,-235
599616234728.4822,-238
599616234736.1744,-242
599616234743.8667,-254
599616234751.5591,-259
599616234759.2513,-250
599616234766.9436,-250
599616234774.636,-259
599616234782.3282,-247
599616234790.0206,-228
599616234797.7129,-230
599616234805.4052,-242
599616234813.0975,-250
599616234820.7898,-247
599616234828.4822,-252
599616234836.1744,-264
599616234843.8667,-252
599616234851.5591,-245
599616234859.2513,-257
599616234866.9436,-257
599616234874.636,-290
599616234882.3282,-384
599616234890.0206,-293
599616234897.7129,156
599616234905.4052,723
599616234913.0975,762
599616234920.7898,-137
599616234928.4822,-923
599616234936.1744,-639
599616234943.8667,-264
599616234951.5591,-370
599616234959.2513,-358
599616234966.9436,-245
599616234974.636,-274
599616234982.3282,-290
599616234990.0206,-259
599616234997.7129,-252
599616235005.4052,-238
599616235013.0975,-230
599616235020.7898,-230
599616235028.4822,-218
599616235036.1744,-218
599616235043.8667,-223
599616235051.5591,-202
599616235058.9337,-182
599616235066.626,-177
599616235074.3184,-161
599616235082.0106,-134
599616235089.703,-117
599616235097.3953,-105
599616235105.0875,-91
599616235112.7799,-84
599616235120.4722,-88
599616235128.1644,-96
599616235135.8568,-91
599616235143.5491,-93
599616235151.2415,-110
599616235158.9337,-146
599616235166.626,-194
599616235174.3184,-230
599616235182.0106,-269
599616235189.703,-307
599616235197.3953,-310
599616235205.0875,-303
599616235212.7799,-319
599616235220.4722,-317
599616235228.1644,-310
599616235235.8568,-319
599616235243.5491,-317
599616235251.2415,-312
599616235258.9337,-305
599616235266.626,-298
599616235274.3184,-300
599616235282.0106,-300
599616235289.703,-293
599616235297.3953,-298
599616235305.0875,-298
599616235312.7799,-288
599616235320.4722,-288
599616235328.1644,-290
599616235335.8568,-286
599616235343.5491,-286
599616235351.2415,-281
599616235358.9337,-271
599616235366.626,-278
599616235374.3184,-288
599616235382.0106,-283
599616235389.703,-274
599616235397.3953,-269
599616235405.0875,-266
599616235412.7799,-264
599616235420.4722,-242
599616235428.1644,-228
599616235435.8568,-238
599616235443.5491,-247
599616235451.2415,-250
599616235458.9337,-257
599616235466.626,-250
599616235474.3184,-238
599616235482.0106,-238
599616235489.703,-233
599616235497.3953,-235
599616235505.0875,-286
599616235512.7799,-363
599616235520.4722,-252
599616235528.1644,209
599616235535.8568,779
599616235543.5491,771
599616235551.2415,-158
599616235558.9337,-892
599616235566.626,-569
599616235574.3184,-228
599616235582.0106,-339
599616235589.703,-303
599616235597.3953,-189
599616235605.0875,-226
599616235612.7799,-245
599616235620.1548,-206
599616235627.847,-194
599616235635.5394,-202
599616235643.2317,-197
599616235650.9241,-194
599616235658.6163,-189
599616235666.3086,-175
599616235674.001,-163
599616235681.6932,-158
599616235689.3855,-146
599616235697.0779,-127
599616235704.7701,-113
599616235712.4625,-103
599616235720.1548,-88
599616235727.847,-60
599616235735.5394,-48
599616235743.2317,-48
599616235750.9241,-40
599616235758.6163,-40
599616235766.3086,-50
599616235774.001,-67
599616235781.6932,-86
599616235789.3855,-125
599616235797.0779,-168
599616235804.7701,-202
599616235812.4625,-226
599616235820.1548,-245
599616235827.847,-252
599616235835.5394,-257
599616235843.2317,-257
599616235850.9241,-254
599616235858.6163,-250
599616235866.3086,-247
599616235874.001,-245
599616235881.6932,-240
599616235889.3855,-235
599616235897.0779,-235
599616235904.7701,-240
599616235912.4625,-240
599616235920.1548,-235
599616235927.847,-235
599616235935.5394,-238
599616235943.2317,-235
599616235950.9241,-235
599616235958.6163,-238
599616235966.3086,-235
599616235974.001,-233
599616235981.6932,-235
599616235989.3855,-240
599616235997.0779,-238
599616236004.7701,-233
599616236012.4625,-233
599616236020.1548,-240
599616236027.847,-238
599616236035.5394,-238
599616236043.2317,-245
599616236050.9241,-235
599616236058.6163,-216
599616236066.3086,-202
599616236074.001,-189
599616236081.6932,-206
599616236089.3855,-233
599616236097.0779,-230
599616236104.7701,-221
599616236112.4625,-221
599616236120.1548,-218
599616236127.847,-216
599616236135.5394,-221
599616236143.2317,-221
599616236150.9241,-250
599616236158.6163,-331
599616236166.3086,-283
599616236174.001,108
599616236181.3757,680
599616236189.068,858
599616236196.7604,132
599616236204.4526,-769
599616236212.145,-670
599616236219.8373,-233
599616236227.5295,-271
599616236235.2219,-307
599616236242.9142,-202
599616236250.6064,-209
599616236258.2988,-238
599616236265.9911,-206
599616236273.6835,-199
599616236281.3757,-211
599616236289.068,-194
599616236296.7604,-182
599616236304.4526,-185
599616236312.145,-187
599616236319.8373,-182
599616236327.5295,-173
599616236335.2219,-156
599616236342.9142,-137
599616236350.6064,-127
599616236358.2988,-120
599616236365.9911,-108
599616236373.6835,-91
599616236381.3757,-79
599616236389.068,-69
599616236396.7604,-69
599616236404.4526,-76
599616236412.145,-79
599616236419.8373,-84
599616236427.5295,-103
599616236435.2219,-132
599616236442.9142,-165
599616236450.6064,-199
599616236458.2988,-233
599616236465.9911,-259
599616236473.6835,-274
599616236481.3757,-274
599616236489.068,-276
599616236496.7604,-281
599616236504.4526,-276
599616236512.145,-264
599616236519.8373,-257
599616236527.5295,-262
599616236535.2219,-262
599616236542.9142,-254
599616236550.6064,-252
599616236558.2988,-252
599616236565.9911,-257
599616236573.6835,-259
599616236581.3757,-259
599616236589.068,-257
599616236596.7604,-257
599616236604.4526,-250
599616236612.145,-245
599616236619.8373,-250
599616236627.5295,-252
599616236635.2219,-247
599616236642.9142,-250
599616236650.6064,-247
599616236658.2988,-240
599616236665.9911,-242
599616236673.6835,-247
599616236681.3757,-245
599616236689.068,-240
599616236696.7604,-240
599616236704.4526,-242
599616236712.145,-250
599616236719.8373,-247
599616236727.5295,-242
599616236735.2219,-240
599616236742.5966,-230
599616236750.2888,-211
599616236757.9812,-199
599616236765.6735,-209
599616236773.3658,-226
599616236781.0581,-228
599616236788.7504,-226
599616236796.4427,-226
599616236804.135,-223
599616236811.8273,-223
599616236819.5197,-223
599616236827.2119,-226
599616236834.9043,-262
599616236842.5966,-331
599616236850.2888,-242
599616236857.9812,192
599616236865.6735,752
599616236873.3658,791
599616236881.0581,-86
599616236888.7504,-868
599616236896.4427,-601
599616236904.135,-226
599616236911.8273,-317
599616236919.5197,-300
599616236927.2119,-187
599616236934.9043,-221
599616236942.5966,-247
599616236950.2888,-202
599616236957.9812,-192
599616236965.6735,-206
599616236973.3658,-192
599616236981.0581,-180
599616236988.7504,-180
599616236996.4427,-177
599616237004.135,-163
599616237011.8273,-149
599616237019.5197,-139
599616237027.2119,-132
599616237034.9043,-117
599616237042.5966,-103
599616237050.2888,-86
599616237057.9812,-72
599616237065.6735,-60
599616237073.3658,-55
599616237081.0581,-52
599616237088.7504,-55
599616237096.4427,-60
599616237104.135,-67
599616237111.8273,-86
599616237119.5197,-117
599616237127.2119,-153
599616237134.9043,-189
599616237142.5966,-223
599616237150.2888,-240
599616237157.9812,-252
599616237165.6735,-262
599616237173.3658,-264
599616237181.0581,-259
599616237188.7504,-257
599616237196.4427,-257
599616237204.135,-252
599616237211.8273,-247
599616237219.5197,-247
599616237227.2119,-247
599616237234.9043,-247
599616237242.5966,-247
599616237250.2888,-247
599616237257.9812,-245
599616237265.6735,-245
599616237273.3658,-247
599616237281.0581,-245
599616237288.7504,-242
599616237296.4427,-245
599616237303.8176,-245
599616237311.5099,-240
599616237319.2023,-242
599616237326.8945,-247
599616237334.5869,-247
599616237342.2792,-245
599616237349.9714,-242
599616237357.6638,-242
599616237365.3561,-242
599616237373.0483,-240
599616237380.7407,-240
599616237388.433,-240
599616237396.1254,-238
599616237403.8176,-235
599616237411.5099,-235
599616237419.2023,-233
599616237426.8945,-228
599616237434.5869,-230
599616237442.2792,-228
599616237449.9714,-226
599616237457.6638,-230
599616237465.3561,-235
599616237473.0483,-233
599616237480.7407,-233
599616237488.433,-230
599616237496.1254,-226
599616237503.8176,-209
599616237511.5099,-192
599616237519.2023,-199
599616237526.8945,-221
599616237534.5869,-221
599616237542.2792,-214
599616237549.9714,-216
599616237557.6638,-218
599616237565.3561,-214
599616237573.0483,-209
599616237580.7407,-211
599616237588.433,-238
599616237596.1254,-305
599616237603.8176,-286
599616237611.5099,43
599616237619.2023,601
599616237626.8945,872
599616237634.5869,247
599616237642.2792,-716
599616237649.9714,-733
599616237657.6638,-269
599616237665.3561,-264
599616237673.0483,-319
599616237680.7407,-206
599616237688.433,-209
599616237696.1254,-252
599616237703.8176,-221
599616237711.5099,-197
599616237719.2023,-206
599616237726.8945,-204
599616237734.5869,-194
599616237742.2792,-189
599616237749.9714,-182
599616237757.6638,-175
599616237765.3561,-168
599616237773.0483,-161
599616237780.7407,-151
599616237788.433,-137
599616237796.1254,-127
599616237803.8176,-110
599616237811.5099,-91
599616237819.2023,-86
599616237826.8945,-81
599616237834.5869,-67
599616237842.2792,-64
599616237849.9714,-76
599616237857.6638,-81
599616237865.0436,-93
599616237872.7358,-132
599616237880.4282,-168
599616237888.1205,-192
599616237895.8129,-226
599616237903.5051,-264
599616237911.1974,-281
599616237918.8898,-286
599616237926.582,-293
599616237934.2743,-300
599616237941.9667,-290
599616237949.6589,-276
599616237957.3513,-276
599616237965.0436,-278
599616237972.7358,-283
599616237980.4282,-286
599616237988.1205,-281
599616237995.8129,-274
599616238003.5051,-276
599616238011.1974,-274
599616238018.8898,-271
599616238026.582,-276
599616238034.2743,-274
599616238041.9667,-271
599616238049.6589,-274
599616238057.3513,-278
599616238065.0436,-281
599616238072.7358,-276
599616238080.4282,-271
599616238088.1205,-266
599616238095.8129,-262
599616238103.5051,-266
599616238111.1974,-281
599616238118.8898,-276
599616238126.582,-259
599616238134.2743,-264
599616238141.9667,-269
599616238149.6589,-264
599616238157.3513,-259
599616238165.0436,-250
599616238172.7358,-245
599616238180.4282,-257
599616238188.1205,-262
599616238195.8129,-254
599616238203.5051,-247
599616238211.1974,-252
599616238218.8898,-269
599616238226.582,-278
599616238234.2743,-259
599616238241.9667,-254
599616238249.6589,-264
599616238257.3513,-242
599616238265.0436,-228
599616238272.7358,-254
599616238280.4282,-269
599616238288.1205,-250
599616238295.8129,-245
599616238303.5051,-257
599616238311.1974,-259
599616238318.8898,-250
599616238326.582,-245
599616238334.2743,-259
599616238341.9667,-312
599616238349.6589,-348
599616238357.3513,-151
599616238365.0436,348
599616238372.7358,834
599616238380.4282,550
599616238388.1205,-517
599616238395.8129,-933
599616238403.5051,-435
599616238411.1974,-262
599616238418.8898,-389
599616238426.2594,-278
599616238433.9517,-206
599616238441.644,-266
599616238449.3363,-254
599616238457.0287,-218
599616238464.721,-228
599616238472.4132,-226
599616238480.1056,-216
599616238487.7979,-214
599616238495.4901,-204
599616238503.1825,-189
599616238510.8748,-177
599616238518.5671,-168
599616238526.2594,-163
599616238533.9517,-151
599616238541.644,-132
599616238549.3363,-117
599616238557.0287,-108
599616238564.721,-88
599616238572.4132,-72
599616238580.1056,-69
599616238587.7979,-60
599616238595.4901,-52
599616238603.1825,-76
599616238610.8748,-105
599616238618.5671,-113
599616238626.2594,-141
599616238633.9517,-194
599616238641.644,-226
599616238649.3363,-252
599616238657.0287,-293
599616238664.721,-312
599616238672.4132,-315
599616238680.1056,-317
599616238687.7979,-312
599616238695.4901,-303
599616238703.1825,-307
599616238710.8748,-307
599616238718.5671,-293
599616238726.2594,-298
599616238733.9517,-300
599616238741.644,-293
599616238749.3363,-298
599616238757.0287,-298
599616238764.721,-290
599616238772.4132,-293
599616238780.1056,-298
599616238787.7979,-290
599616238795.4901,-286
599616238803.1825,-290
599616238810.8748,-293
599616238818.5671,-290
599616238826.2594,-293
599616238833.9517,-293
599616238841.644,-286
599616238849.3363,-288
599616238857.0287,-295
599616238864.721,-288
599616238872.4132,-278
599616238880.1056,-278
599616238887.7979,-281
599616238895.4901,-286
599616238903.1825,-286
599616238910.8748,-288
599616238918.5671,-298
599616238926.2594,-281
599616238933.9517,-254
599616238941.644,-257
599616238949.3363,-247
599616238957.0287,-228
599616238964.721,-247
599616238972.4132,-271
599616238980.1056,-264
599616238987.4651,-257
599616238995.1573,-254
599616239002.8497,-252
599616239010.542,-254
599616239018.2344,-245
599616239025.9266,-245
599616239033.6189,-307
599616239041.3113,-372
599616239049.0035,-214
599616239056.6958,274
599616239064.3882,803
599616239072.0804,642
599616239079.7728,-370
599616239087.4651,-921
599616239095.1573,-488
599616239102.8497,-242
599616239110.542,-367
599616239118.2344,-278
599616239125.9266,-180
599616239133.6189,-235
599616239141.3113,-230
599616239149.0035,-185
599616239156.6958,-197
599616239164.3882,-199
599616239172.0804,-173
599616239179.7728,-175
599616239187.4651,-180
599616239195.1573,-158
599616239202.8497,-141
599616239210.542,-137
599616239218.2344,-120
599616239225.9266,-105
599616239233.6189,-101
599616239241.3113,-79
599616239249.0035,-55
599616239256.6958,-48
599616239264.3882,-43
599616239272.0804,-24
599616239279.7728,-16
599616239287.4651,-28
599616239295.1573,-40
599616239302.8497,-50
599616239310.542,-74
599616239318.2344,-110
599616239325.9266,-156
599616239333.6189,-192
599616239341.3113,-221
599616239349.0035,-240
599616239356.6958,-247
599616239364.3882,-250
599616239372.0804,-254
599616239379.7728,-259
599616239387.4651,-252
599616239395.1573,-238
599616239402.8497,-230
599616239410.542,-228
599616239418.2344,-223
599616239425.9266,-221
599616239433.6189,-223
599616239441.3113,-218
599616239449.0035,-216
599616239456.6958,-216
599616239464.3882,-214
599616239472.0804,-211
599616239479.7728,-211
599616239487.4651,-211
599616239495.1573,-214
599616239502.8497,-216
599616239510.542,-211
599616239518.2344,-206
599616239525.9266,-206
599616239533.6189,-204
599616239541.3113,-204
599616239548.691,-206
599616239556.3833,-206
599616239564.0757,-202
599616239571.768,-202
599616239579.4603,-197
599616239587.1526,-197
599616239594.8448,-202
599616239602.5372,-209
599616239610.2295,-209
599616239617.9218,-204
599616239625.6141,-199
599616239633.3064,-192
599616239640.9988,-187
599616239648.691,-177
599616239656.3833,-163
599616239664.0757,-170
599616239671.768,-185
599616239679.4603,-189
599616239687.1526,-192
599616239694.8448,-192
599616239702.5372,-185
599616239710.2295,-177
599616239717.9218,-180
599616239725.6141,-185
599616239733.3064,-218
599616239740.9988,-293
599616239748.691,-242
599616239756.3833,149
599616239764.0757,731
599616239771.768,930
599616239779.4603,197
599616239787.1526,-726
599616239794.8448,-632
599616239802.5372,-189
599616239810.2295,-235
599616239817.9218,-281
599616239825.6141,-170
599616239833.3064,-180
599616239840.9988,-216
599616239848.691,-180
599616239856.3833,-163
599616239864.0757,-177
599616239871.768,-168
599616239879.4603,-156
599616239887.1526,-153
599616239894.8448,-146
599616239902.5372,-137
599616239910.2295,-129
599616239917.9218,-122
599616239925.6141,-108
599616239933.3064,-96
599616239940.9988,-84
599616239948.691,-62
599616239956.3833,-45
599616239964.0757,-36
599616239971.768,-24
599616239979.4603,-16
599616239987.1526,-19
599616239994.8448,-28
599616240002.5372,-40
599616240010.2295,-55
599616240017.9218,-84
599616240025.6141,-122
599616240033.3064,-158
599616240040.9988,-185
599616240048.691,-209
599616240056.3833,-226
599616240064.0757,-230
599616240071.768,-230
599616240079.4603,-230
599616240087.1526,-228
599616240094.8448,-226
599616240102.5372,-223
599616240109.9172,-221
599616240117.6095,-221
599616240125.3019,-218
599616240132.9941,-218
599616240140.6865,-221
599616240148.3788,-223
599616240156.071,-221
599616240163.7634,-223
599616240171.4557,-223
599616240179.148,-226
599616240186.8403,-228
599616240194.5326,-228
599616240202.225,-226
599616240209.9172,-228
599616240217.6095,-228
599616240225.3019,-228
599616240232.9941,-226
599616240240.6865,-223
599616240248.3788,-223
599616240256.071,-221
599616240263.7634,-218
599616240271.4557,-221
599616240279.148,-221
599616240286.8403,-216
599616240294.5326,-214
599616240302.225,-214
599616240309.9172,-216
599616240317.6095,-218
599616240325.3019,-226
599616240332.9941,-230
599616240340.6865,-226
599616240348.3788,-211
599616240356.071,-206
599616240363.7634,-202
599616240371.4557,-185
599616240379.148,-180
599616240386.8403,-199
599616240394.5326,-206
599616240402.225,-204
599616240409.9172,-206
599616240417.6095,-206
599616240425.3019,-199
599616240432.9941,-199
599616240440.6865,-202
599616240448.3788,-221
599616240456.071,-290
599616240463.7634,-303
599616240471.4557,-4
599616240479.148,560
599616240486.8403,918
599616240494.5326,425
599616240502.225,-579
599616240509.9172,-759
599616240517.6095,-288
599616240525.3019,-214
599616240532.9941,-307
599616240540.6865,-214
599616240548.3788,-187
599616240556.071,-233
599616240563.7634,-209
599616240571.4557,-180
599616240579.148,-194
599616240586.8403,-192
599616240594.5326,-173
599616240602.225,-170
599616240609.9172,-168
599616240617.6095,-156
599616240625.3019,-149
599616240632.9941,-139
599616240640.6865,-127
599616240648.3788,-113
599616240656.071,-101
599616240663.7634,-84
599616240671.1125,-67
599616240678.8048,-55
599616240686.4972,-45
599616240694.1895,-45
599616240701.8818,-48
599616240709.5741,-50
599616240717.2664,-57
599616240724.9587,-72
599616240732.651,-93
599616240740.3433,-129
599616240748.0356,-168
599616240755.7279,-197
599616240763.4203,-221
599616240771.1125,-238
599616240778.8048,-247
599616240786.4972,-250
599616240794.1895,-247
599616240801.8818,-245
599616240809.5741,-242
599616240817.2664,-235
599616240824.9587,-233
599616240832.651,-235
599616240840.3433,-238
599616240848.0356,-238
599616240855.7279,-238
599616240863.4203,-235
599616240871.1125,-235
599616240878.8048,-238
599616240886.4972,-240
599616240894.1895,-240
599616240901.8818,-245
599616240909.5741,-242
599616240917.2664,-238
599616240924.9587,-240
599616240932.651,-240
599616240940.3433,-240
599616240948.0356,-242
599616240955.7279,-240
599616240963.4203,-238
599616240971.1125,-235
599616240978.8048,-235
599616240986.4972,-235
599616240994.1895,-235
599616241001.8818,-235
599616241009.5741,-230
599616241017.2664,-230
599616241024.9587,-228
599616241032.651,-226
599616241040.3433,-226
599616241048.0356,-230
599616241055.7279,-235
599616241063.4203,-240
599616241071.1125,-240
599616241078.8048,-233
599616241086.4972,-228
599616241094.1895,-214
599616241101.8818,-192
599616241109.5741,-194
599616241117.2664,-216
599616241124.9587,-221
599616241132.651,-216
599616241140.3433,-216
599616241148.0356,-214
599616241155.7279,-211
599616241163.4203,-211
599616241171.1125,-211
599616241178.8048,-233
599616241186.4972,-307
599616241194.1895,-286
599616241201.8818,62
599616241209.5741,620
599616241217.2664,853
599616241224.9587,211
599616241232.364,-711
599616241240.0563,-692
599616241247.7487,-240
599616241255.4409,-252
599616241263.1333,-312
599616241270.8256,-204
599616241278.5178,-202
599616241286.2102,-238
599616241293.9025,-206
599616241301.5947,-187
599616241309.2871,-199
599616241316.9794,-192
599616241324.6718,-180
599616241332.364,-175
599616241340.0563,-170
599616241347.7487,-163
599616241355.4409,-153
599616241363.1333,-139
599616241370.8256,-127
599616241378.5178,-115
599616241386.2102,-105
599616241393.9025,-88
599616241401.5947,-72
599616241409.2871,-57
599616241416.9794,-50
599616241424.6718,-48
599616241432.364,-48
599616241440.0563,-55
599616241447.7487,-67
599616241455.4409,-81
599616241463.1333,-103
599616241470.8256,-137
599616241478.5178,-173
599616241486.2102,-202
599616241493.9025,-223
599616241501.5947,-238
599616241509.2871,-247
599616241516.9794,-252
599616241524.6718,-252
599616241532.364,-252
599616241540.0563,-245
599616241547.7487,-240
599616241555.4409,-240
599616241563.1333,-240
599616241570.8256,-240
599616241578.5178,-240
599616241586.2102,-242
599616241593.9025,-245
599616241601.5947,-245
599616241609.2871,-245
599616241616.9794,-247
599616241624.6718,-250
599616241632.364,-247
599616241640.0563,-250
599616241647.7487,-250
599616241655.4409,-250
599616241663.1333,-252
599616241670.8256,-252
599616241678.5178,-250
599616241686.2102,-247
599616241693.9025,-245
599616241701.5947,-245
599616241709.2871,-245
599616241716.9794,-245
599616241724.6718,-240
599616241732.364,-235
599616241740.0563,-235
599616241747.7487,-235
599616241755.4409,-235
599616241763.1333,-233
599616241770.8256,-230
599616241778.5178,-228
599616241786.2102,-230
599616241793.5647,-238
599616241801.257,-242
599616241808.9493,-240
599616241816.6416,-235
599616241824.334,-233
599616241832.0262,-211
599616241839.7185,-187
599616241847.4109,-199
599616241855.1031,-218
599616241862.7954,-216
599616241870.4878,-211
599616241878.18,-214
599616241885.8724,-214
599616241893.5647,-211
599616241901.257,-211
599616241908.9493,-214
599616241916.6416,-252
599616241924.334,-319
599616241932.0262,-211
599616241939.7185,226
599616241947.4109,745
599616241955.1031,721
599616241962.7954,-149
599616241970.4878,-834
599616241978.18,-533
599616241985.8724,-199
599616241993.5647,-295
599616242001.257,-276
599616242008.9493,-180
599616242016.6416,-216
599616242024.334,-233
599616242032.0262,-194
599616242039.7185,-189
599616242047.4109,-192
599616242055.1031,-180
599616242062.7954,-175
599616242070.4878,-173
599616242078.18,-163
599616242085.8724,-153
599616242093.5647,-144
599616242101.257,-132
599616242108.9493,-117
599616242116.6416,-108
599616242124.334,-96
599616242132.0262,-81
599616242139.7185,-67
599616242147.4109,-55
599616242155.1031,-48
599616242162.7954,-45
599616242170.4878,-52
599616242178.18,-57
599616242185.8724,-67
599616242193.5647,-81
599616242201.257,-105
599616242208.9493,-141
599616242216.6416,-177
599616242224.334,-204
599616242232.0262,-226
599616242239.7185,-242
599616242247.4109,-250
599616242255.1031,-254
599616242262.7954,-252
599616242270.4878,-247
599616242278.18,-245
599616242285.8724,-240
599616242293.5647,-238
599616242301.257,-238
599616242308.9493,-240
599616242316.6416,-238
599616242324.334,-235
599616242332.0262,-235
599616242339.7185,-238
599616242347.4109,-240
599616242354.7906,-242
599616242362.4829,-242
599616242370.1753,-240
599616242377.8676,-242
599616242385.5599,-250
599616242393.2522,-250
599616242400.9445,-247
599616242408.6368,-250
599616242416.3291,-250
599616242424.0214,-250
599616242431.7137,-254
599616242439.406,-252
599616242447.0984,-247
599616242454.7906,-245
599616242462.4829,-247
599616242470.1753,-247
599616242477.8676,-242
599616242485.5599,-240
599616242493.2522,-240
599616242500.9445,-238
599616242508.6368,-235
599616242516.3291,-233
599616242524.0214,-235
599616242531.7137,-242
599616242539.406,-250
599616242547.0984,-250
599616242554.7906,-245
599616242562.4829,-242
599616242570.1753,-230
599616242577.8676,-197
599616242585.5599,-194
599616242593.2522,-218
599616242600.9445,-226
599616242608.6368,-221
599616242616.3291,-221
599616242624.0214,-218
599616242631.7137,-214
599616242639.406,-214
599616242647.0984,-218
599616242654.7906,-240
599616242662.4829,-305
599616242670.1753,-281
599616242677.8676,52
599616242685.5599,589
599616242693.2522,805
599616242700.9445,161
599616242708.6368,-735
599616242716.3291,-697
599616242724.0214,-247
599616242731.7137,-254
599616242739.406,-307
599616242747.0984,-202
599616242754.7906,-202
599616242762.4829,-238
599616242770.1753,-206
599616242777.8676,-187
599616242785.5599,-197
599616242793.2522,-187
599616242800.9445,-177
599616242808.6368,-175
599616242816.3291,-168
599616242824.0214,-156
599616242831.7137,-149
599616242839.406,-139
599616242847.0984,-127
599616242854.7906,-113
599616242862.4829,-101
599616242870.1753,-88
599616242877.8676,-74
599616242885.5599,-64
599616242893.2522,-57
599616242900.9445,-55
599616242908.6368,-60
599616242916.0167,-67
599616242923.709,-72
599616242931.4014,-81
599616242939.0936,-103
599616242946.786,-137
599616242954.4783,-173
599616242962.1705,-206
599616242969.8629,-233
599616242977.5552,-247
599616242985.2474,-254
599616242992.9398,-257
599616243000.6321,-257
599616243008.3245,-257
599616243016.0167,-254
599616243023.709,-247
599616243031.4014,-245
599616243039.0936,-245
599616243046.786,-245
599616243054.4783,-242
599616243062.1705,-242
599616243069.8629,-242
599616243077.5552,-247
599616243085.2474,-247
599616243092.9398,-247
599616243100.6321,-250
599616243108.3245,-250
599616243116.0167,-250
599616243123.709,-252
599616243131.4014,-254
599616243139.0936,-254
599616243146.786,-254
599616243154.4783,-254
599616243162.1705,-252
599616243169.8629,-252
599616243177.5552,-254
599616243185.2474,-252
599616243192.9398,-252
599616243200.6321,-250
599616243208.3245,-245
599616243216.0167,-242
599616243223.709,-242
599616243231.4014,-242
599616243239.0936,-240
599616243246.786,-238
599616243254.4783,-238
599616243262.1705,-245
599616243269.8629,-247
599616243277.5552,-247
599616243285.2474,-247
599616243292.9398,-247
599616243300.6321,-242
599616243308.3245,-214
599616243316.0167,-192
599616243323.709,-206
599616243331.4014,-228
599616243339.0936,-226
599616243346.786,-221
599616243354.4783,-223
599616243362.1705,-221
599616243369.8629,-214
599616243377.5552,-206
599616243385.2474,-216
599616243392.9398,-276
599616243400.6321,-322
599616243408.3245,-127
599616243416.0167,363
599616243423.709,800
599616243431.4014,538
599616243439.0936,-423
599616243446.786,-836
599616243454.4783,-404
599616243462.1705,-211
599616243469.8629,-322
599616243477.2428,-247
599616243484.935,-189
599616243492.6274,-242
599616243500.3197,-230
599616243508.0121,-194
599616243515.7043,-209
599616243523.3966,-204
599616243531.089,-187
599616243538.7812,-189
599616243546.4735,-185
599616243554.1659,-173
599616243561.8582,-173
599616243569.5505,-163
599616243577.2428,-141
599616243584.935,-137
599616243592.6274,-127
599616243600.3197,-108
599616243608.0121,-98
599616243615.7043,-93
599616243623.3966,-79
599616243631.089,-74
599616243638.7812,-79
599616243646.4735,-88
599616243654.1659,-88
599616243661.8582,-96
599616243669.5505,-125
599616243677.2428,-153
599616243684.935,-177
599616243692.6274,-216
599616243700.3197,-250
599616243708.0121,-269
599616243715.7043,-286
599616243723.3966,-293
599616243731.089,-293
599616243738.7812,-298
599616243746.4735,-295
599616243754.1659,-290
599616243761.8582,-288
599616243769.5505,-286
599616243777.2428,-283
599616243784.935,-283
599616243792.6274,-281
599616243800.3197,-286
599616243808.0121,-290
599616243815.7043,-286
599616243823.3966,-281
599616243831.089,-283
599616243838.7812,-281
599616243846.4735,-278
599616243854.1659,-281
599616243861.8582,-286
599616243869.5505,-283
599616243877.2428,-283
599616243884.935,-288
599616243892.6274,-283
599616243900.3197,-274
599616243908.0121,-271
599616243915.7043,-281
599616243923.3966,-283
599616243931.089,-274
599616243938.7812,-271
599616243946.4735,-278
599616243954.1659,-276
599616243961.8582,-271
599616243969.5505,-271
599616243977.2428,-278
599616243984.935,-281
599616243992.6274,-283
599616244000.3197,-278
599616244008.0121,-278
599616244015.7043,-281
599616244023.3966,-269
599616244031.089,-240
599616244038.4382,-238
599616244046.1305,-257
599616244053.8229,-259
599616244061.5151,-259
599616244069.2075,-271
599616244076.8998,-269
599616244084.592,-252
599616244092.2844,-250
599616244099.9767,-257
599616244107.669,-276
599616244115.3613,-329
599616244123.0536,-331
599616244130.746,-60
599616244138.4382,483
599616244146.1305,832
599616244153.8229,278
599616244161.5151,-745
599616244169.2075,-844
599616244176.8998,-341
599616244184.592,-310
599616244192.2844,-379
599616244199.9767,-242
599616244207.669,-221
599616244215.3613,-274
599616244223.0536,-235
599616244230.746,-209
599616244238.4382,-230
599616244246.1305,-223
599616244253.8229,-206
599616244261.5151,-209
599616244269.2075,-206
599616244276.8998,-185
599616244284.592,-161
599616244292.2844,-158
599616244299.9767,-168
599616244307.669,-153
599616244315.3613,-125
599616244323.0536,-113
599616244330.746,-110
599616244338.4382,-96
599616244346.1305,-81
599616244353.8229,-81
599616244361.5151,-79
599616244369.2075,-84
599616244376.8998,-105
599616244384.592,-120
599616244392.2844,-134
599616244399.9767,-182
599616244407.669,-228
599616244415.3613,-254
599616244423.0536,-283
599616244430.746,-307
599616244438.4382,-317
599616244446.1305,-324
599616244453.8229,-334
599616244461.5151,-331
599616244469.2075,-324
599616244476.8998,-324
599616244484.592,-324
599616244492.2844,-312
599616244499.9767,-312
599616244507.669,-317
599616244515.3613,-312
599616244523.0536,-305
599616244530.746,-305
599616244538.4382,-307
599616244546.1305,-305
599616244553.8229,-312
599616244561.5151,-315
599616244569.2075,-303
599616244576.8998,-290
599616244584.592,-295
599616244592.2844,-307
599616244599.6592,-305
599616244607.3514,-300
599616244615.0438,-295
599616244622.7361,-288
599616244630.4285,-293
599616244638.1207,-310
599616244645.813,-295
599616244653.5054,-278
599616244661.1976,-286
599616244668.8899,-286
599616244676.5823,-276
599616244684.2745,-293
599616244691.9669,-303
599616244699.6592,-295
599616244707.3514,-286
599616244715.0438,-266
599616244722.7361,-238
599616244730.4285,-242
599616244738.1207,-271
599616244745.813,-274
599616244753.5054,-266
599616244761.1976,-269
599616244768.8899,-269
599616244776.5823,-269
599616244784.2745,-264
599616244791.9669,-257
599616244799.6592,-278
599616244807.3514,-346
599616244815.0438,-343
599616244822.7361,-55
599616244830.4285,507
599616244838.1207,853
599616244845.813,252
599616244853.5054,-795
599616244861.1976,-851
599616244868.8899,-327
599616244876.5823,-310
599616244884.2745,-384
599616244891.9669,-240
599616244899.6592,-218
599616244907.3514,-276
599616244915.0438,-240
599616244922.7361,-214
599616244930.4285,-228
599616244938.1207,-216
599616244945.813,-199
599616244953.5054,-199
599616244961.1976,-194
599616244968.8899,-175
599616244976.5823,-158
599616244984.2745,-153
599616244991.9669,-149
599616244999.6592,-125
599616245007.3514,-108
599616245015.0438,-93
599616245022.7361,-79
599616245030.4285,-67
599616245038.1207,-55
599616245045.813,-40
599616245053.5054,-43
599616245061.1976,-48
599616245068.8899,-52
599616245076.5823,-79
599616245084.2745,-125
599616245091.9669,-158
599616245099.6592,-185
599616245107.3514,-223
599616245115.0438,-262
599616245122.7361,-281
599616245130.4285,-274
599616245138.1207,-274
599616245145.813,-290
599616245153.5054,-281
599616245160.8801,-262
599616245168.5724,-266
599616245176.2648,-278
599616245183.957,-271
599616245191.6494,-257
599616245199.3417,-254
599616245207.0339,-262
599616245214.7263,-266
599616245222.4186,-257
599616245230.1108,-257
599616245237.8032,-264
599616245245.4955,-257
599616245253.1879,-254
599616245260.8801,-266
599616245268.5724,-266
599616245276.2648,-257
599616245283.957,-257
599616245291.6494,-259
599616245299.3417,-254
599616245307.0339,-254
599616245314.7263,-257
599616245322.4186,-247
599616245330.1108,-247
599616245337.8032,-250
599616245345.4955,-242
599616245353.1879,-242
599616245360.8801,-250
599616245368.5724,-247
599616245376.2648,-240
599616245383.957,-233
599616245391.6494,-218
599616245399.3417,-204
599616245407.0339,-202
599616245414.7263,-209
599616245422.4186,-216
599616245430.1108,-226
599616245437.8032,-226
599616245445.4955,-214
599616245453.1879,-209
599616245460.8801,-209
599616245468.5724,-204
599616245476.2648,-216
599616245483.957,-281
599616245491.6494,-327
599616245499.3417,-110
599616245507.0339,435
599616245514.7263,918
599616245522.4186,586
599616245530.1108,-485
599616245537.8032,-863
599616245545.4955,-370
599616245553.1879,-214
599616245560.8801,-327
599616245568.5724,-223
599616245576.2648,-168
599616245583.957,-226
599616245591.6494,-204
599616245599.3417,-168
599616245607.0339,-182
599616245614.7263,-182
599616245622.4186,-168
599616245630.1108,-168
599616245637.8032,-161
599616245645.4955,-141
599616245653.1879,-134
599616245660.8801,-132
599616245668.5724,-117
599616245676.2648,-101
599616245683.957,-88
599616245691.6494,-72
599616245699.3417,-55
599616245707.0339,-43
599616245714.7263,-33
599616245722.0858,-26
599616245729.7781,-26
599616245737.4705,-28
599616245745.1627,-40
599616245752.8551,-62
599616245760.5474,-88
599616245768.2396,-120
599616245775.932,-158
599616245783.6243,-194
599616245791.3165,-221
599616245799.0089,-240
599616245806.7012,-252
599616245814.3936,-257
599616245822.0858,-254
599616245829.7781,-247
599616245837.4705,-245
599616245845.1627,-242
599616245852.8551,-240
599616245860.5474,-235
599616245868.2396,-235
599616245875.932,-230
599616245883.6243,-228
599616245891.3165,-230
599616245899.0089,-233
599616245906.7012,-233
599616245914.3936,-230
599616245922.0858,-228
599616245929.7781,-228
599616245937.4705,-230
599616245945.1627,-233
599616245952.8551,-233
599616245960.5474,-233
599616245968.2396,-230
599616245975.932,-230
599616245983.6243,-226
599616245991.3165,-228
599616245999.0089,-235
599616246006.7012,-230
599616246014.3936,-226
599616246022.0858,-226
599616246029.7781,-223
599616246037.4705,-221
599616246045.1627,-226
599616246052.8551,-233
599616246060.5474,-233
599616246068.2396,-228
599616246075.932,-226
599616246083.6243,-226
599616246091.3165,-214
599616246099.0089,-185
599616246106.7012,-182
599616246114.3936,-206
599616246122.0858,-214
599616246129.7781,-206
599616246137.4705,-206
599616246145.1627,-202
599616246152.8551,-197
599616246160.5474,-199
599616246168.2396,-202
599616246175.932,-223
599616246183.6243,-293
599616246191.3165,-266
599616246199.0089,98
599616246206.7012,678
599616246214.3936,909
599616246222.0858,216
599616246229.7781,-733
599616246237.4705,-685
599616246245.1627,-214
599616246252.8551,-238
599616246260.5474,-303
599616246268.2396,-192
599616246275.932,-189
599616246283.3118,-228
599616246291.004,-197
599616246298.6964,-180
599616246306.3887,-189
599616246314.081,-180
599616246321.7733,-168
599616246329.4656,-165
599616246337.158,-158
599616246344.8502,-156
599616246352.5425,-149
599616246360.2349,-137
599616246367.9271,-125
599616246375.6195,-110
599616246383.3118,-93
599616246391.004,-76
599616246398.6964,-62
599616246406.3887,-48
599616246414.081,-40
599616246421.7733,-36
599616246429.4656,-33
599616246437.158,-38
599616246444.8502,-57
599616246452.5425,-76
599616246460.2349,-103
599616246467.9271,-144
599616246475.6195,-182
599616246483.3118,-209
599616246491.004,-230
599616246498.6964,-247
599616246506.3887,-254
599616246514.081,-252
599616246521.7733,-247
599616246529.4656,-247
599616246537.158,-245
599616246544.8502,-238
599616246552.5425,-238
599616246560.2349,-240
599616246567.9271,-238
599616246575.6195,-235
599616246583.3118,-235
599616246591.004,-235
599616246598.6964,-235
599616246606.3887,-238
599616246614.081,-240
599616246621.7733,-240
599616246629.4656,-238
599616246637.158,-238
599616246644.8502,-240
599616246652.5425,-240
599616246660.2349,-235
599616246667.9271,-238
599616246675.6195,-240
599616246683.3118,-235
599616246691.004,-230
599616246698.6964,-233
599616246706.3887,-240
599616246714.081,-240
599616246721.7733,-235
599616246729.4656,-233
599616246737.158,-233
599616246744.8502,-230
599616246752.5425,-228
599616246760.2349,-235
599616246767.9271,-242
599616246775.6195,-240
599616246783.3118,-240
599616246791.004,-240
599616246798.6964,-240
599616246806.3887,-233
599616246814.081,-202
599616246821.7733,-187
599616246829.4656,-211
599616246837.158,-226
599616246844.5123,-216
599616246852.2046,-214
599616246859.897,-214
599616246867.5892,-209
599616246875.2816,-209
599616246882.9739,-214
599616246890.6661,-228
599616246898.3585,-283
599616246906.0508,-319
599616246913.743,-96
599616246921.4354,440
599616246929.1277,889
599616246936.8201,550
599616246944.5123,-476
599616246952.2046,-836
599616246959.897,-360
599616246967.5892,-197
599616246975.2816,-319
599616246982.9739,-245
599616246990.6661,-189
599616246998.3585,-238
599616247006.0508,-230
599616247013.743,-197
599616247021.4354,-202
599616247029.1277,-202
599616247036.8201,-187
599616247044.5123,-185
599616247052.2046,-180
599616247059.897,-168
599616247067.5892,-158
599616247075.2816,-146
599616247082.9739,-134
599616247090.6661,-125
599616247098.3585,-110
599616247106.0508,-96
599616247113.743,-79
599616247121.4354,-64
599616247129.1277,-50
599616247136.8201,-48
599616247144.5123,-48
599616247152.2046,-50
599616247159.897,-62
599616247167.5892,-74
599616247175.2816,-96
599616247182.9739,-129
599616247190.6661,-165
599616247198.3585,-197
599616247206.0508,-223
599616247213.743,-242
599616247221.4354,-250
599616247229.1277,-254
599616247236.8201,-254
599616247244.5123,-250
599616247252.2046,-245
599616247259.897,-242
599616247267.5892,-240
599616247275.2816,-235
599616247282.9739,-233
599616247290.6661,-233
599616247298.3585,-233
599616247306.0508,-230
599616247313.743,-230
599616247321.4354,-233
599616247329.1277,-235
599616247336.8201,-235
599616247344.5123,-233
599616247352.2046,-230
599616247359.897,-230
599616247367.5892,-233
599616247375.2816,-235
599616247382.9739,-235
599616247390.6661,-230
599616247398.3585,-228
599616247405.7334,-228
599616247413.4257,-226
599616247421.118,-228
599616247428.8103,-228
599616247436.5027,-226
599616247444.195,-223
599616247451.8872,-223
599616247459.5796,-221
599616247467.2719,-221
599616247474.9641,-223
599616247482.6565,-221
599616247490.3488,-218
599616247498.0411,-226
599616247505.7334,-235
599616247513.4257,-240
599616247521.118,-238
599616247528.8103,-235
599616247536.5027,-235
599616247544.195,-211
599616247551.8872,-185
599616247559.5796,-199
599616247567.2719,-223
599616247574.9641,-221
599616247582.6565,-214
599616247590.3488,-214
599616247598.0411,-209
599616247605.7334,-206
599616247613.4257,-211
599616247621.118,-216
599616247628.8103,-252
599616247636.5027,-315
599616247644.195,-197
599616247651.8872,262
599616247659.5796,791
599616247667.2719,735
599616247674.9641,-175
599616247682.6565,-853
599616247690.3488,-517
599616247698.0411,-180
599616247705.7334,-288
599616247713.4257,-276
599616247721.118,-185
599616247728.8103,-218
599616247736.5027,-233
599616247744.195,-194
599616247751.8872,-192
599616247759.5796,-199
599616247767.2719,-182
599616247774.9641,-173
599616247782.6565,-177
599616247790.3488,-168
599616247798.0411,-158
599616247805.7334,-153
599616247813.4257,-141
599616247821.118,-127
599616247828.8103,-117
599616247836.5027,-101
599616247844.195,-86
599616247851.8872,-74
599616247859.5796,-62
599616247867.2719,-52
599616247874.9641,-52
599616247882.6565,-57
599616247890.3488,-67
599616247898.0411,-79
599616247905.7334,-96
599616247913.4257,-125
599616247921.118,-161
599616247928.8103,-192
599616247936.5027,-221
599616247944.195,-240
599616247951.8872,-250
599616247959.5796,-254
599616247966.9594,-257
599616247974.6516,-257
599616247982.344,-252
599616247990.0363,-247
599616247997.7286,-240
599616248005.4209,-238
599616248013.1132,-242
599616248020.8055,-245
599616248028.4978,-240
599616248036.1901,-238
599616248043.8824,-245
599616248051.5747,-250
599616248059.2671,-254
599616248066.9594,-250
599616248074.6516,-250
599616248082.344,-250
599616248090.0363,-247
599616248097.7286,-250
599616248105.4209,-252
599616248113.1132,-250
599616248120.8055,-250
599616248128.4978,-250
599616248136.1901,-250
599616248143.8824,-250
599616248151.5747,-252
599616248159.2671,-250
599616248166.9594,-250
599616248174.6516,-250
599616248182.344,-247
599616248190.0363,-245
599616248197.7286,-245
599616248205.4209,-245
599616248213.1132,-245
599616248220.8055,-242
599616248228.4978,-240
599616248236.1901,-247
599616248243.8824,-250
599616248251.5747,-250
599616248259.2671,-250
599616248266.9594,-252
599616248274.6516,-245
599616248282.344,-218
599616248290.0363,-197
599616248297.7286,-214
599616248305.4209,-233
599616248313.1132,-228
599616248320.8055,-223
599616248328.4978,-226
599616248336.1901,-223
599616248343.8824,-216
599616248351.5747,-216
599616248359.2671,-221
599616248366.9594,-266
599616248374.6516,-324
599616248382.344,-170
599616248390.0363,312
599616248397.7286,798
599616248405.4209,615
599616248413.1132,-343
599616248420.8055,-868
599616248428.4978,-454
599616248436.1901,-187
599616248443.8824,-303
599616248451.5747,-254
599616248459.2671,-177
599616248466.9594,-223
599616248474.6516,-223
599616248482.344,-185
599616248490.0363,-189
599616248497.7286,-192
599616248505.4209,-175
599616248513.1132,-170
599616248520.8055,-168
599616248528.1853,-161
599616248535.8776,-151
599616248543.57,-141
599616248551.2622,-132
599616248558.9546,-120
599616248566.6469,-108
599616248574.3391,-93
599616248582.0315,-81
599616248589.7238,-72
599616248597.416,-62
599616248605.1084,-60
599616248612.8007,-60
599616248620.493,-64
599616248628.1853,-74
599616248635.8776,-84
599616248643.57,-98
599616248651.2622,-127
599616248658.9546,-161
599616248666.6469,-192
599616248674.3391,-221
599616248682.0315,-245
599616248689.7238,-257
599616248697.416,-257
599616248705.1084,-259
599616248712.8007,-259
599616248720.493,-254
599616248728.1853,-252
599616248735.8776,-250
599616248743.57,-247
599616248751.2622,-245
599616248758.9546,-242
599616248766.6469,-242
599616248774.3391,-242
599616248782.0315,-245
599616248789.7238,-242
599616248797.416,-245
599616248805.1084,-245
599616248812.8007,-245
599616248820.493,-250
599616248828.1853,-250
599616248835.8776,-247
599616248843.57,-247
599616248851.2622,-250
599616248858.9546,-252
599616248866.6469,-254
599616248874.3391,-252
599616248882.0315,-250
599616248889.7238,-250
599616248897.416,-252
599616248905.1084,-254
599616248912.8007,-254
599616248920.493,-250
599616248928.1853,-242
599616248935.8776,-242
599616248943.57,-242
599616248951.2622,-242
599616248958.9546,-242
599616248966.6469,-242
599616248974.3391,-247
599616248982.0315,-254
599616248989.7238,-254
599616248997.416,-252
599616249005.1084,-254
599616249012.8007,-242
599616249020.493,-214
599616249028.1853,-199
599616249035.8776,-223
599616249043.57,-240
599616249051.2622,-238
599616249058.9546,-233
599616249066.6469,-228
599616249074.3391,-226
599616249082.0315,-226
599616249089.4266,-228
599616249097.1189,-235
599616249104.8113,-283
599616249112.5035,-324
599616249120.1959,-137
599616249127.8882,348
599616249135.5804,769
599616249143.2728,466
599616249150.9651,-500
599616249158.6573,-865
599616249166.3497,-411
599616249174.042,-228
599616249181.7344,-331
599616249189.4266,-247
599616249197.1189,-187
599616249204.8113,-240
599616249212.5035,-226
599616249220.1959,-187
599616249227.8882,-199
599616249235.5804,-199
599616249243.2728,-182
599616249250.9651,-177
599616249258.6573,-175
599616249266.3497,-163
599616249274.042,-153
599616249281.7344,-144
599616249289.4266,-132
599616249297.1189,-122
599616249304.8113,-110
599616249312.5035,-98
599616249320.1959,-86
599616249327.8882,-76
599616249335.5804,-67
599616249343.2728,-62
599616249350.9651,-64
599616249358.6573,-74
599616249366.3497,-81
599616249374.042,-91
599616249381.7344,-108
599616249389.4266,-134
599616249397.1189,-165
599616249404.8113,-202
599616249412.5035,-230
599616249420.1959,-247
599616249427.8882,-257
599616249435.5804,-266
599616249443.2728,-271
599616249450.9651,-271
599616249458.6573,-264
599616249466.3497,-259
599616249474.042,-257
599616249481.7344,-254
599616249489.4266,-252
599616249497.1189,-250
599616249504.8113,-250
599616249512.5035,-250
599616249520.1959,-252
599616249527.8882,-252
599616249535.5804,-257
599616249543.2728,-259
599616249550.9651,-254
599616249558.6573,-254
599616249566.3497,-254
599616249574.042,-254
599616249581.7344,-257
599616249589.4266,-257
599616249597.1189,-259
599616249604.8113,-259
599616249612.5035,-257
599616249620.1959,-257
599616249627.8882,-257
599616249635.5804,-257
599616249643.2728,-254
599616249650.6375,-254
599616249658.3297,-254
599616249666.0221,-252
599616249673.7144,-247
599616249681.4067,-245
599616249689.099,-247
599616249696.7913,-247
599616249704.4836,-247
599616249712.1759,-252
599616249719.8682,-262
599616249727.5605,-262
599616249735.2528,-257
599616249742.9452,-252
599616249750.6375,-230
599616249758.3297,-199
599616249766.0221,-209
599616249773.7144,-235
599616249781.4067,-238
599616249789.099,-226
599616249796.7913,-226
599616249804.4836,-226
599616249812.1759,-223
599616249819.8682,-223
599616249827.5605,-226
599616249835.2528,-257
599616249842.9452,-319
599616249850.6375,-247
599616249858.3297,146
599616249866.0221,663
599616249873.7144,697
599616249881.4067,-115
599616249889.099,-846
599616249896.7913,-596
599616249904.4836,-226
599616249912.1759,-303
599616249919.8682,-290
599616249927.5605,-182
599616249935.2528,-216
599616249942.9452,-240
599616249950.6375,-197
599616249958.3297,-189
599616249966.0221,-199
599616249973.7144,-182
599616249981.4067,-173
599616249989.099,-175
599616249996.7913,-165
599616250004.4836,-153
599616250012.1759,-146
599616250019.8682,-137
599616250027.5605,-122
599616250035.2528,-110
599616250042.9452,-98
599616250050.6375,-86
599616250058.3297,-76
599616250066.0221,-67
599616250073.7144,-62
599616250081.4067,-62
599616250089.099,-67
599616250096.7913,-72
599616250104.4836,-84
599616250112.1759,-98
599616250119.8682,-122
599616250127.5605,-153
599616250135.2528,-187
599616250142.9452,-214
599616250150.6375,-235
599616250158.3297,-252
599616250166.0221,-262
599616250173.7144,-266
599616250181.4067,-271
599616250189.099,-271
599616250196.7913,-266
599616250204.4836,-264
599616250211.8634,-259
599616250219.5557,-257
599616250227.248,-259
599616250234.9403,-257
599616250242.6327,-257
599616250250.325,-257
599616250258.0172,-257
599616250265.7096,-254
599616250273.4019,-252
599616250281.0941,-250
599616250288.7865,-250
599616250296.4788,-252
599616250304.1711,-247
599616250311.8634,-242
599616250319.5557,-240
599616250327.248,-240
599616250334.9403,-242
599616250342.6327,-242
599616250350.325,-238
599616250358.0172,-238
599616250365.7096,-240
599616250373.4019,-240
599616250381.0941,-238
599616250388.7865,-238
599616250396.4788,-235
599616250404.1711,-235
599616250411.8634,-233
599616250419.5557,-233
599616250427.248,-240
599616250434.9403,-252
599616250442.6327,-250
599616250450.325,-240
599616250458.0172,-238
599616250465.7096,-228
599616250473.4019,-202
599616250481.0941,-189
599616250488.7865,-209
599616250496.4788,-221
599616250504.1711,-216
599616250511.8634,-211
599616250519.5557,-211
599616250527.248,-209
599616250534.9403,-204
599616250542.6327,-206
599616250550.325,-223
599616250558.0172,-281
599616250565.7096,-295
599616250573.4019,-26
599616250581.0941,495
599616250588.7865,798
599616250596.4788,295
599616250604.1711,-630
599616250611.8634,-757
599616250619.5557,-298
599616250627.248,-226
599616250634.9403,-298
599616250642.6327,-202
599616250650.325,-180
599616250658.0172,-218
599616250665.7096,-194
599616250673.4019,-173
599616250681.0941,-182
599616250688.7865,-175
599616250696.4788,-161
599616250704.1711,-158
599616250711.8634,-153
599616250719.5557,-144
599616250727.248,-137
599616250734.9403,-129
599616250742.6327,-117
599616250750.325,-105
599616250758.0172,-96
599616250765.7096,-86
599616250773.0894,-76
599616250780.7816,-67
599616250788.474,-62
599616250796.1663,-62
599616250803.8586,-69
599616250811.5509,-74
599616250819.2432,-81
599616250826.9355,-93
599616250834.6278,-113
599616250842.3201,-144
599616250850.0125,-175
599616250857.7047,-204
599616250865.3971,-226
599616250873.0894,-245
599616250880.7816,-254
599616250888.474,-259
599616250896.1663,-259
599616250903.8586,-257
599616250911.5509,-254
599616250919.2432,-254
599616250926.9355,-252
599616250934.6278,-252
599616250942.3201,-252
599616250950.0125,-250
599616250957.7047,-250
599616250965.3971,-245
599616250973.0894,-245
599616250980.7816,-247
599616250988.474,-250
599616250996.1663,-250
599616251003.8586,-250
599616251011.5509,-250
599616251019.2432,-250
599616251026.9355,-252
599616251034.6278,-252
599616251042.3201,-252
599616251050.0125,-257
599616251057.7047,-259
599616251065.3971,-254
599616251073.0894,-254
599616251080.7816,-252
599616251088.474,-247
599616251096.1663,-245
599616251103.8586,-245
599616251111.5509,-247
599616251119.2432,-250
599616251126.9355,-252
599616251134.6278,-254
599616251142.3201,-252
599616251150.0125,-250
599616251157.7047,-240
599616251165.3971,-211
599616251173.0894,-199
599616251180.7816,-221
599616251188.474,-233
599616251196.1663,-230
599616251203.8586,-226
599616251211.5509,-226
599616251219.2432,-223
599616251226.9355,-221
599616251234.6278,-218
599616251242.3201,-228
599616251250.0125,-290
599616251257.7047,-322
599616251265.3971,-79
599616251273.0894,432
599616251280.7816,776
599616251288.474,331
599616251296.1663,-606
599616251303.8586,-788
599616251311.5509,-336
599616251319.2432,-247
599616251326.9355,-319
599616251334.3104,-216
599616251342.0027,-187
599616251349.6951,-233
599616251357.3873,-211
599616251365.0797,-185
599616251372.772,-194
599616251380.4642,-187
599616251388.1566,-175
599616251395.8489,-173
599616251403.5411,-165
599616251411.2335,-156
599616251418.9258,-146
599616251426.6182,-137
599616251434.3104,-122
599616251442.0027,-110
599616251449.6951,-98
599616251457.3873,-86
599616251465.0797,-74
599616251472.772,-64
599616251480.4642,-57
599616251488.1566,-52
599616251495.8489,-55
599616251503.5411,-60
599616251511.2335,-67
599616251518.9258,-81
599616251526.6182,-105
599616251534.3104,-141
599616251542.0027,-175
599616251549.6951,-204
599616251557.3873,-230
599616251565.0797,-250
599616251572.772,-259
599616251580.4642,-262
599616251588.1566,-262
599616251595.8489,-259
599616251603.5411,-257
599616251611.2335,-254
599616251618.9258,-250
599616251626.6182,-247
599616251634.3104,-250
599616251642.0027,-247
599616251649.6951,-242
599616251657.3873,-242
599616251665.0797,-240
599616251672.772,-240
599616251680.4642,-242
599616251688.1566,-247
599616251695.8489,-247
599616251703.5411,-245
599616251711.2335,-245
599616251718.9258,-245
599616251726.6182,-247
599616251734.3104,-250
599616251742.0027,-252
599616251749.6951,-250
599616251757.3873,-245
599616251765.0797,-247
599616251772.772,-247
599616251780.4642,-247
599616251788.1566,-247
599616251795.8489,-250
599616251803.5411,-250
599616251811.2335,-252
599616251818.9258,-257
599616251826.6182,-259
599616251834.3104,-254
599616251842.0027,-247
599616251849.6951,-226
599616251857.3873,-202
599616251865.0797,-214
599616251872.772,-233
599616251880.4642,-233
599616251888.1566,-226
599616251895.5312,-226
599616251903.2235,-226
599616251910.9159,-226
599616251918.6082,-221
599616251926.3005,-226
599616251933.9928,-271
599616251941.685,-334
599616251949.3774,-202
599616251957.0697,254
599616251964.762,743
599616251972.4543,610
599616251980.1466,-300
599616251987.839,-853
599616251995.5312,-485
599616252003.2235,-216
599616252010.9159,-317
599616252018.6082,-264
599616252026.3005,-182
599616252033.9928,-226
599616252041.685,-228
599616252049.3774,-189
599616252057.0697,-192
599616252064.762,-199
599616252072.4543,-182
599616252080.1466,-173
599616252087.839,-170
599616252095.5312,-161
599616252103.2235,-151
599616252110.9159,-141
599616252118.6082,-127
599616252126.3005,-110
599616252133.9928,-98
599616252141.685,-91
599616252149.3774,-79
599616252157.0697,-67
599616252164.762,-55
599616252172.4543,-50
599616252180.1466,-55
599616252187.839,-60
599616252195.5312,-67
599616252203.2235,-76
599616252210.9159,-96
599616252218.6082,-125
599616252226.3005,-161
599616252233.9928,-192
599616252241.685,-221
599616252249.3774,-242
599616252257.0697,-257
599616252264.762,-259
599616252272.4543,-257
599616252280.1466,-259
599616252287.839,-259
599616252295.5312,-254
599616252303.2235,-250
599616252310.9159,-250
599616252318.6082,-247
599616252326.3005,-245
599616252333.9928,-242
599616252341.685,-240
599616252349.3774,-238
599616252357.0697,-240
599616252364.762,-242
599616252372.4543,-245
599616252380.1466,-242
599616252387.839,-242
599616252395.5312,-245
599616252403.2235,-250
599616252410.9159,-250
599616252418.6082,-250
599616252426.3005,-250
599616252433.9928,-252
599616252441.685,-254
599616252449.3774,-252
599616252456.7522,-250
599616252464.4445,-247
599616252472.1368,-247
599616252479.8291,-245
599616252487.5215,-247
599616252495.2137,-254
599616252502.906,-262
599616252510.5984,-264
599616252518.2906,-259
599616252525.9829,-252
599616252533.6753,-233
599616252541.3676,-206
599616252549.0599,-206
599616252556.7522,-230
599616252564.4445,-240
599616252572.1368,-235
599616252579.8291,-230
599616252587.5215,-228
599616252595.2137,-226
599616252602.906,-221
599616252610.5984,-221
599616252618.2906,-250
599616252625.9829,-322
599616252633.6753,-290
599616252641.3676,62
599616252649.0599,603
599616252656.7522,788
599616252664.4445,105
599616252672.1368,-762
599616252679.8291,-682
599616252687.5215,-252
599616252695.2137,-278
599616252702.906,-307
599616252710.5984,-194
599616252718.2906,-204
599616252725.9829,-240
599616252733.6753,-206
599616252741.3676,-192
599616252749.0599,-202
599616252756.7522,-189
599616252764.4445,-177
599616252772.1368,-175
599616252779.8291,-165
599616252787.5215,-158
599616252795.2137,-151
599616252802.906,-139
599616252810.5984,-125
599616252818.2906,-110
599616252825.9829,-101
599616252833.6753,-88
599616252841.3676,-76
599616252849.0599,-62
599616252856.7522,-52
599616252864.4445,-55
599616252872.1368,-62
599616252879.8291,-69
599616252887.5215,-76
599616252895.2137,-91
599616252902.906,-117
599616252910.5984,-153
599616252918.2906,-189
599616252925.9829,-216
599616252933.6753,-235
599616252941.3676,-250
599616252949.0599,-259
599616252956.7522,-262
599616252964.4445,-264
599616252972.1368,-262
599616252979.8291,-257
599616252987.5215,-252
599616252995.2137,-250
599616253002.906,-250
599616253010.5984,-250
599616253017.9731,-245
599616253025.6654,-245
599616253033.3578,-245
599616253041.05,-242
599616253048.7424,-242
599616253056.4347,-245
599616253064.127,-242
599616253071.8193,-245
599616253079.5116,-247
599616253087.2039,-245
599616253094.8962,-250
599616253102.5885,-254
599616253110.2809,-250
599616253117.9731,-247
599616253125.6654,-250
599616253133.3578,-252
599616253141.05,-252
599616253148.7424,-252
599616253156.4347,-250
599616253164.127,-247
599616253171.8193,-247
599616253179.5116,-254
599616253187.2039,-259
599616253194.8962,-259
599616253202.5885,-257
599616253210.2809,-257
599616253217.9731,-252
599616253225.6654,-228
599616253233.3578,-202
599616253241.05,-211
599616253248.7424,-235
599616253256.4347,-235
599616253264.127,-228
599616253271.8193,-228
599616253279.5116,-226
599616253287.2039,-223
599616253294.8962,-221
599616253302.5885,-226
599616253310.2809,-259
599616253317.9731,-331
599616253325.6654,-257
599616253333.3578,151
599616253341.05,685
599616253348.7424,743
599616253356.4347,-64
599616253364.127,-827
599616253371.8193,-598
599616253379.5116,-230
599616253387.2039,-310
599616253394.8962,-300
599616253402.5885,-192
599616253410.2809,-223
599616253417.9731,-245
599616253425.6654,-202
599616253433.3578,-194
599616253441.05,-202
599616253448.7424,-187
599616253456.4347,-180
599616253464.127,-177
599616253471.8193,-165
599616253479.5116,-156
599616253487.2039,-151
599616253494.8962,-139
599616253502.5885,-127
599616253510.2809,-117
599616253517.9731,-101
599616253525.6654,-84
599616253533.3578,-72
599616253541.05,-62
599616253548.7424,-55
599616253556.4347,-55
599616253564.127,-60
599616253571.8193,-69
599616253579.189,-81
599616253586.8812,-101
599616253594.5736,-127
599616253602.2659,-158
599616253609.9583,-194
599616253617.6505,-223
599616253625.3428,-242
599616253633.0352,-257
599616253640.7274,-262
599616253648.4197,-264
599616253656.112,-266
599616253663.8043,-264
599616253671.4967,-259
599616253679.189,-257
599616253686.8812,-254
599616253694.5736,-250
599616253702.2659,-250
599616253709.9583,-252
599616253717.6505,-250
599616253725.3428,-247
599616253733.0352,-247
599616253740.7274,-247
599616253748.4197,-247
599616253756.112,-247
599616253763.8043,-247
599616253771.4967,-247
599616253779.189,-250
599616253786.8812,-250
599616253794.5736,-250
599616253802.2659,-250
599616253809.9583,-250
599616253817.6505,-250
599616253825.3428,-252
599616253833.0352,-252
599616253840.7274,-247
599616253848.4197,-245
599616253856.112,-245
599616253863.8043,-247
599616253871.4967,-250
599616253879.189,-257
599616253886.8812,-262
599616253894.5736,-262
599616253902.2659,-259
599616253909.9583,-254
599616253917.6505,-223
599616253925.3428,-199
599616253933.0352,-216
599616253940.7274,-235
599616253948.4197,-235
599616253956.112,-230
599616253963.8043,-226
599616253971.4967,-221
599616253979.189,-221
599616253986.8812,-223
599616253994.5736,-228
599616254002.2659,-271
599616254009.9583,-339
599616254017.6505,-211
599616254025.3428,250
599616254033.0352,759
599616254040.7274,670
599616254048.4197,-235
599616254056.112,-848
599616254063.8043,-505
599616254071.4967,-211
599616254079.189,-315
599616254086.8812,-278
599616254094.5736,-194
599616254102.2659,-233
599616254109.9583,-235
599616254117.6505,-199
599616254125.3428,-204
599616254133.0352,-206
599616254140.4152,-185
599616254148.1074,-175
599616254155.7998,-177
599616254163.4921,-170
599616254171.1844,-163
599616254178.8767,-153
599616254186.569,-137
599616254194.2614,-125
599616254201.9536,-113
599616254209.6459,-98
599616254217.3383,-86
599616254225.0305,-74
599616254232.7229,-62
599616254240.4152,-57
599616254248.1074,-57
599616254255.7998,-62
599616254263.4921,-69
599616254271.1844,-79
599616254278.8767,-96
599616254286.569,-127
599616254294.2614,-163
599616254301.9536,-197
599616254309.6459,-223
599616254317.3383,-240
599616254325.0305,-252
599616254332.7229,-259
599616254340.4152,-262
599616254348.1074,-259
599616254355.7998,-257
599616254363.4921,-254
599616254371.1844,-252
599616254378.8767,-250
599616254386.569,-247
599616254394.2614,-245
599616254401.9536,-245
599616254409.6459,-245
599616254417.3383,-242
599616254425.0305,-245
599616254432.7229,-245
599616254440.4152,-245
599616254448.1074,-245
599616254455.7998,-242
599616254463.4921,-245
599616254471.1844,-247
599616254478.8767,-247
599616254486.569,-250
599616254494.2614,-252
599616254501.9536,-247
599616254509.6459,-245
599616254517.3383,-247
599616254525.0305,-250
599616254532.7229,-247
599616254540.4152,-247
599616254548.1074,-245
599616254555.7998,-242
599616254563.4921,-245
599616254571.1844,-252
599616254578.8767,-259
599616254586.569,-262
599616254594.2614,-262
599616254601.9536,-254
599616254609.6459,-226
599616254617.3383,-206
599616254625.0305,-221
599616254632.7229,-238
599616254640.4152,-235
599616254648.1074,-233
599616254655.7998,-228
599616254663.4921,-226
599616254671.1844,-226
599616254678.8767,-223
599616254686.569,-228
599616254694.2614,-276
599616254701.6105,-346
599616254709.3027,-214
599616254716.9951,252
599616254724.6874,762
599616254732.3798,670
599616254740.072,-238
599616254747.7643,-851
599616254755.4567,-509
599616254763.1489,-221
599616254770.8412,-322
599616254778.5336,-276
599616254786.2258,-189
599616254793.9182,-233
599616254801.6105,-240
599616254809.3027,-199
599616254816.9951,-199
599616254824.6874,-204
599616254832.3798,-189
599616254840.072,-182
599616254847.7643,-180
599616254855.4567,-165
599616254863.1489,-156
599616254870.8412,-151
599616254878.5336,-139
599616254886.2258,-127
599616254893.9182,-113
599616254901.6105,-98
599616254909.3027,-84
599616254916.9951,-72
599616254924.6874,-62
599616254932.3798,-57
599616254940.072,-55
599616254947.7643,-57
599616254955.4567,-67
599616254963.1489,-76
599616254970.8412,-93
599616254978.5336,-127
599616254986.2258,-165
599616254993.9182,-197
599616255001.6105,-221
599616255009.3027,-242
599616255016.9951,-254
599616255024.6874,-259
599616255032.3798,-259
599616255040.072,-259
599616255047.7643,-257
599616255055.4567,-252
599616255063.1489,-247
599616255070.8412,-247
599616255078.5336,-245
599616255086.2258,-245
599616255093.9182,-245
599616255101.6105,-245
599616255109.3027,-250
599616255116.9951,-250
599616255124.6874,-247
599616255132.3798,-247
599616255140.072,-247
599616255147.7643,-245
599616255155.4567,-242
599616255163.1489,-245
599616255170.8412,-247
599616255178.5336,-247
599616255186.2258,-247
599616255193.9182,-250
599616255201.6105,-247
599616255209.3027,-245
599616255216.9951,-245
599616255224.6874,-245
599616255232.3798,-245
599616255240.072,-242
599616255247.7643,-240
599616255255.4567,-242
