timestamp_ms,value
1740580009472,2302
1740580009492,2262
1740580009513,2222
1740580009557,2158
1740580009578,2142
1740580009600,2142
1740580009622,2126
1740580009643,2094
1740580009665,2046
1740580009689,2046
1740580009710,2046
1740580009730,2030
1740580009752,2006
1740580009776,1962
1740580009795,1942
1740580009817,1902
1740580009838,1886
1740580009860,1866
1740580009882,1854
1740580009903,1838
1740580009925,1812
1740580009947,1806
1740580009968,1806
1740580009990,1774
1740580010014,1748
1740580010033,1710
1740580010055,1684
1740580010077,1654
1740580010098,1638
1740580010120,1630
1740580010142,1726
1740580010185,1962
1740580010207,2078
1740580010228,2126
1740580010252,2158
1740580010272,2206
1740580010293,2270
1740580010315,2302
1740580010359,2382
1740580010380,2350
1740580010402,2302
1740580010423,2262
1740580010445,2238
1740580010467,2206
1740580010491,2198
1740580010510,2174
1740580010532,2158
1740580010553,2172
1740580010618,2134
1740580010640,2122
1740580010664,2094
1740580010683,2046
1740580010705,2046
1740580010729,2030
1740580010748,2014
1740580010770,1998
1740580010792,1978
1740580010816,1962
1740580010835,1934
1740580010856,1916
1740580010878,1894
1740580010900,1876
1740580010921,1846
1740580010944,1818
1740580010965,1790
1740580010986,1770
1740580011008,1754
1740580011030,1726
1740580011054,1700
1740580011073,1658
1740580011095,1662
1740580011117,1646
1740580011138,1614
1740580011160,1596
1740580011181,1582
1740580011203,1574
1740580011225,1566
1740580011246,1590
1740580011268,1686
1740580011292,1806
1740580011314,1918
1740580011333,2010
1740580011355,2046
1740580011398,2142
1740580011420,2198
1740580011441,2238
1740580011463,2238
1740580011485,2222
1740580011507,2186
1740580011531,2158
1740580011552,2134
1740580011571,2138
1740580011593,2140
1740580011636,2158
1740580011658,2142
1740580011680,2110
1740580011701,2070
1740580011723,2046
1740580011745,2038
1740580011769,2014
1740580011790,1998
1740580011810,1998
1740580011831,1982
1740580011855,1962
1740580011916,1894
1740580011938,1878
1740580011961,1866
1740580011983,1862
1740580012005,1846
1740580012026,1854
1740580012048,1866
1740580012070,1874
1740580012113,1790
1740580012134,1774
1740580012156,1774
1740580012178,1758
1740580012199,1726
1740580012221,1710
1740580012243,1706
1740580012264,1662
1740580012287,1646
1740580012308,1630
1740580012332,1654
1740580012351,1738
1740580012373,1838
1740580012394,1950
1740580012438,2046
1740580012459,2090
1740580012479,2126
1740580012501,2154
1740580012523,2190
1740580012545,2198
1740580012569,2174
1740580012588,2158
1740580012609,2142
1740580012633,2118
1740580012676,2110
1740580012698,2110
1740580012719,2102
1740580012741,2094
1740580012763,2086
1740580012784,2078
1740580012808,2062
1740580012828,2038
1740580012849,2026
1740580012895,1982
1740580012914,1982
1740580012936,1982
1740580012958,1974
1740580012980,1966
1740580013001,1982
1740580013023,1966
1740580013044,1962
1740580013066,1966
1740580013088,1946
1740580013135,1902
1740580013153,1918
1740580013174,1918
1740580013196,1950
1740580013218,1950
1740580013239,1918
1740580013261,1894
1740580013283,1834
1740580013304,1790
1740580013326,1770
1740580013348,1774
1740580013372,1830
1740580013391,1930
1740580013412,2014
1740580013434,2078
1740580013477,2166
1740580013499,2198
1740580013521,2222
1740580013542,2230
1740580013564,2230
1740580013586,2222
1740580013610,2190
1740580013629,2174
1740580013651,2158
1740580013672,2150
1740580013716,2138
1740580013737,2126
1740580013759,2102
1740580013781,2094
1740580013802,2074
1740580013824,2070
1740580013849,2046
1740580013867,2030
1740580013889,1998
1740580013911,1966
1740580013935,1942
1740580013955,1934
1740580013976,1918
1740580013997,1902
1740580014019,1910
1740580014041,1918
1740580014062,1918
1740580014084,1886
1740580014106,1866
1740580014127,1820
1740580014149,1790
1740580014173,1774
1740580014192,1754
1740580014236,1710
1740580014257,1708
1740580014279,1710
1740580014300,1770
1740580014322,1870
1740580014344,1982
1740580014365,2046
1740580014387,2102
1740580014412,2154
1740580014430,2174
1740580014452,2250
1740580014474,2286
1740580014517,2334
1740580014539,2302
1740580014560,2238
1740580014582,2222
1740580014604,2206
1740580014626,2206
1740580014650,2218
1740580014669,2198
1740580014690,2174
1740580014712,2154
1740580014736,2126
1740580014755,2110
1740580014777,2094
1740580014799,2070
1740580014820,2046
1740580014842,2030
1740580014864,2006
1740580014885,1998
1740580014907,1974
1740580014929,1962
1740580014950,1942
1740580014975,1918
1740580014994,1898
1740580015015,1886
1740580015037,1866
1740580015061,1836
1740580015080,1838
1740580015102,1834
1740580015123,1806
1740580015145,1774
1740580015167,1742
1740580015188,1718
1740580015213,1710
1740580015232,1692
1740580015253,1718
1740580015275,1806
1740580015297,1918
1740580015318,2070
1740580015340,2142
1740580015362,2222
1740580015383,2286
1740580015405,2346
1740580015427,2390
1740580015451,2430
1740580015470,2486
1740580015492,2518
1740580015513,2518
1740580015557,2430
1740580015578,2390
1740580015600,2350
1740580015621,2326
1740580015643,2302
1740580015665,2286
1740580015689,2270
1740580015708,2262
1740580015730,2234
1740580015776,2190
1740580015816,2166
1740580015838,2142
1740580015860,2122
1740580015881,2110
1740580015903,2078
1740580015924,2070
1740580015946,2046
1740580015968,2030
1740580015990,2014
1740580016014,1982
1740580016033,1978
1740580016054,1966
1740580016076,1934
1740580016098,1910
1740580016120,1902
1740580016141,1886
1740580016163,1866
1740580016184,1846
1740580016206,1822
1740580016228,1806
1740580016252,1822
1740580016271,1918
1740580016293,2070
1740580016314,2218
1740580016358,2390
1740580016379,2462
1740580016401,2526
1740580016423,2582
1740580016444,2622
1740580016466,2678
1740580016490,2734
1740580016531,2742
1740580016552,2718
1740580016596,2634
1740580016617,2614
1740580016639,2622
1740580016661,2602
1740580016682,2558
1740580016704,2558
1740580016729,2550
1740580016747,2542
1740580016769,2494
1740580016791,2474
1740580016815,2446
1740580016834,2398
1740580016856,2378
1740580016878,2350
1740580016899,2334
1740580016921,2302
1740580016964,2238
1740580016985,2206
1740580017007,2206
1740580017029,2198
1740580017053,2174
1740580017072,2166
1740580017094,2142
1740580017115,2142
1740580017137,2126
1740580017159,2094
1740580017180,2094
1740580017202,2094
1740580017224,2094
1740580017245,2092
1740580017267,2078
1740580017291,2094
1740580017310,2186
1740580017332,2332
1740580017353,2446
1740580017397,2598
1740580017418,2654
1740580017440,2734
1740580017484,2798
1740580017505,2838
1740580017529,2862
1740580017548,2838
1740580017570,2782
1740580017592,2750
1740580017616,2734
1740580017637,2726
1740580017657,2718
1740580017678,2718
1740580017700,2710
1740580017722,2702
1740580017743,2670
1740580017765,2654
1740580017786,2646
1740580017808,2634
1740580017830,2606
1740580017873,2558
1740580017895,2558
1740580017916,2550
1740580017938,2518
1740580017960,2508
1740580017981,2486
1740580018003,2478
1740580018025,2478
1740580018046,2478
1740580018068,2470
1740580018093,2454
1740580018111,2426
1740580018133,2414
1740580018154,2410
1740580018198,2358
1740580018219,2346
1740580018241,2318
1740580018263,2302
1740580018284,2326
1740580018306,2366
1740580018331,2494
1740580018349,2622
1740580018371,2716
1740580018393,2782
1740580018436,2846
1740580018458,2862
1740580018480,2878
1740580018501,2894
1740580018523,2878
1740580018544,2846
1740580018569,2806
1740580018588,2798
1740580018631,2778
1740580018656,2766
1740580018674,2750
1740580018696,2750
1740580018717,2734
1740580018739,2734
1740580018761,2718
1740580018782,2702
1740580018804,2686
1740580018826,2686
1740580018847,2678
1740580018869,2670
1740580018893,2654
1740580018912,2638
1740580018934,2606
1740580018955,2602
1740580018977,2590
1740580018999,2582
1740580019021,2582
1740580019042,2558
1740580019064,2526
1740580019085,2494
1740580019107,2486
1740580019131,2462
1740580019150,2452
1740580019172,2446
1740580019194,2426
1740580019237,2494
1740580019259,2590
1740580019280,2732
1740580019302,2814
1740580019323,2894
1740580019345,2942
1740580019369,3006
1740580019389,3070
1740580019410,3158
1740580019432,3222
1740580019456,3246
1740580019477,3242
1740580019497,3198
1740580019518,3178
1740580019540,3166
1740580019562,3178
1740580019583,3178
1740580019608,3182
1740580019627,3190
1740580019648,3198
1740580019670,3182
1740580019694,3158
1740580019713,3134
1740580019735,3118
1740580019757,3102
1740580019778,3098
1740580019800,3070
1740580019821,3070
1740580019843,3070
1740580019865,3070
1740580019886,3070
1740580019908,3070
1740580019932,3094
1740580019951,3070
1740580019973,3062
1740580019995,3038
1740580020016,3022
1740580020038,2998
1740580020059,2990
1740580020081,2966
1740580020103,2942
1740580020125,2926
1740580020147,2926
1740580020170,2958
1740580020189,3038
1740580020211,3166
1740580020233,3246
1740580020276,3390
1740580020298,3454
1740580020319,3514
1740580020341,3566
1740580020363,3614
1740580020384,3670
1740580020409,3694
1740580020427,3646
1740580020449,3582
1740580020471,3550
1740580020495,3518
1740580020514,3498
1740580020536,3478
1740580020557,3478
1740580020582,3454
1740580020601,3454
1740580020622,3438
1740580020644,3414
1740580020666,3386
1740580020687,3366
1740580020709,3358
1740580020733,3318
1740580020752,3294
1740580020774,3278
1740580020796,3262
1740580020817,3246
1740580020839,3230
1740580020860,3198
1740580020904,3166
1740580020925,3166
1740580020947,3134
1740580020971,3118
1740580020990,3070
1740580021012,3070
1740580021034,3050
1740580021077,2998
1740580021099,2974
1740580021120,3006
1740580021142,3070
1740580021163,3214
1740580021185,3342
1740580021209,3446
1740580021228,3518
1740580021250,3578
1740580021272,3638
1740580021315,3738
1740580021337,3790
1740580021358,3822
1740580021380,3806
1740580021401,3774
1740580021423,3758
1740580021447,3710
1740580021467,3694
1740580021488,3678
1740580021510,3678
1740580021534,3662
1740580021553,3646
1740580021575,3646
1740580021596,3662
1740580021618,3646
1740580021640,3630
1740580021661,3630
1740580021683,3614
1740580021705,3582
1740580021726,3550
1740580021748,3534
1740580021772,3518
1740580021791,3518
1740580021813,3486
1740580021835,3486
1740580021856,3478
1740580021899,3518
1740580021921,3518
1740580021943,3518
1740580021964,3502
1740580021986,3486
1740580022010,3478
1740580022029,3446
1740580022051,3422
1740580022073,3414
1740580022116,3422
1740580022137,3518
1740580022159,3630
1740580022181,3758
1740580022224,3950
1740580022248,3998
1740580022267,4046
1740580022289,4094
1740580022311,4142
1740580022335,4182
1740580022354,4206
1740580022375,4206
1740580022397,4174
1740580022419,4142
1740580022441,4138
1740580022462,4142
1740580022484,4142
1740580022505,4094
1740580022527,4094
1740580022549,4094
1740580022573,4094
1740580022592,4078
1740580022614,4094
1740580022635,4078
1740580022660,4078
1740580022679,4078
1740580022700,4062
1740580022722,4054
1740580022743,4054
1740580022765,4022
1740580022787,4014
1740580022811,3990
1740580022830,3966
1740580022852,3958
1740580022873,3962
1740580022916,3918
1740580022938,3902
1740580022982,3886
1740580023003,3886
1740580023025,3886
1740580023049,3886
1740580023068,3886
1740580023090,3870
1740580023111,3870
1740580023136,3918
1740580023176,4094
1740580023198,4206
1740580023220,4270
1740580023241,4318
1740580023263,4382
1740580023287,4446
1740580023306,4478
1740580023328,4526
1740580023350,4526
1740580023374,4478
1740580023393,4438
1740580023414,4410
1740580023436,4398
1740580023458,4398
1740580023479,4382
1740580023501,4382
1740580023523,4350
1740580023544,4350
1740580023566,4350
1740580023588,4350
1740580023612,4350
1740580023631,4374
1740580023652,4398
1740580023674,4462
1740580023739,4526
1740580023761,4526
1740580023782,4510
1740580023804,4478
1740580023826,4446
1740580023850,4414
1740580023869,4382
1740580023890,4350
1740580023912,4318
1740580023977,4222
1740580023999,4206
1740580024020,4190
1740580024042,4174
1740580024064,4190
1740580024088,4266
1740580024110,4350
1740580024129,4438
1740580024150,4478
1740580024175,4542
1740580024193,4574
1740580024215,4602
1740580024237,4606
1740580024258,4606
1740580024280,4606
1740580024302,4590
1740580024323,4542
1740580024345,4494
1740580024367,4478
1740580024388,4462
1740580024412,4446
1740580024432,4430
1740580024453,4414
1740580024475,4382
1740580024497,4374
1740580024518,4350
1740580024540,4342
1740580024562,4334
1740580024583,4318
1740580024605,4286
1740580024626,4278
1740580024650,4266
1740580024670,4222
1740580024691,4206
1740580024713,4186
1740580024756,4126
1740580024778,4094
1740580024800,4078
1740580024821,4054
1740580024843,4014
1740580024865,3998
1740580024889,3966
1740580024908,3934
1740580024929,3918
1740580024951,3902
1740580024975,3934
1740580024997,4030
1740580025016,4174
1740580025059,4350
1740580025081,4430
1740580025102,4478
1740580025127,4542
1740580025146,4574
1740580025167,4574
1740580025189,4590
1740580025213,4574
1740580025235,4534
1740580025254,4478
1740580025297,4442
1740580025319,4446
1740580025340,4446
1740580025362,4462
1740580025384,4446
1740580025405,4438
1740580025427,4394
1740580025451,4350
1740580025473,4334
1740580025492,4318
1740580025514,4286
1740580025535,4270
1740580025557,4206
1740580025578,4174
1740580025622,4086
1740580025644,4062
1740580025665,4030
1740580025689,3998
1740580025711,3950
1740580025730,3918
1740580025752,3886
1740580025795,3822
1740580025817,3774
1740580025838,3758
1740580025860,3710
1740580025881,3694
1740580025903,3662
1740580025927,3662
1740580025949,3742
1740580025990,3950
1740580026014,4022
1740580026033,4086
1740580026055,4142
1740580026076,4182
1740580026098,4222
1740580026119,4286
1740580026141,4278
1740580026184,4254
1740580026206,4206
1740580026228,4174
1740580026252,4094
1740580026271,4094
1740580026292,4094
1740580026314,4094
1740580026336,4094
1740580026357,4094
1740580026379,4094
1740580026422,4078
1740580026466,4054
1740580026490,4062
1740580026509,4062
1740580026531,4062
1740580026552,4030
1740580026595,3990
1740580026618,3966
1740580026639,3966
1740580026660,3964
1740580026682,3950
1740580026728,3902
1740580026747,3882
1740580026769,3838
1740580026790,3854
1740580026815,3838
1740580026833,3806
1740580026855,3774
1740580026877,3766
1740580026898,3758
1740580026942,3806
1740580026963,3918
1740580026985,4022
1740580027007,4094
1740580027028,4190
1740580027052,4238
1740580027072,4278
1740580027093,4318
1740580027115,4350
1740580027136,4394
1740580027158,4414
1740580027201,4318
1740580027223,4286
1740580027244,4254
1740580027266,4222
1740580027290,4246
1740580027310,4222
1740580027331,4222
1740580027353,4206
1740580027396,4190
1740580027418,4190
1740580027461,4190
1740580027504,4158
1740580027528,4158
1740580027548,4158
1740580027569,4158
1740580027591,4158
1740580027615,4158
1740580027634,4158
1740580027656,4158
1740580027677,4158
1740580027702,4158
1740580027721,4150
1740580027742,4154
1740580027766,4150
1740580027785,4142
1740580027807,4150
1740580027829,4158
1740580027872,4182
1740580027894,4158
1740580027915,4142
1740580027940,4126
1740580027959,4158
1740580027980,4222
1740580028002,4318
1740580028023,4398
1740580028045,4446
1740580028067,4510
1740580028091,4574
1740580028110,4606
1740580028132,4670
1740580028196,4702
1740580028218,4670
1740580028240,4654
1740580028262,4638
1740580028283,4638
1740580028305,4638
1740580028329,4654
1740580028348,4654
1740580028370,4654
1740580028391,4638
1740580028435,4574
1740580028457,4566
1740580028478,4542
1740580028499,4526
1740580028521,4526
1740580028543,4526
1740580028567,4526
1740580028586,4534
1740580028608,4526
1740580028629,4526
1740580028673,4510
1740580028694,4494
1740580028716,4494
1740580028737,4478
1740580028759,4478
1740580028781,4470
1740580028802,4462
1740580028824,4446
1740580028846,4446
1740580028867,4438
1740580028892,4430
1740580028911,4446
1740580028932,4494
1740580028954,4590
1740580028975,4686
1740580028997,4758
1740580029019,4814
1740580029040,4830
1740580029062,4846
1740580029084,4862
1740580029106,4862
1740580029129,4894
1740580029148,4910
1740580029170,4894
1740580029192,4862
1740580029235,4822
1740580029257,4814
1740580029278,4798
1740580029300,4798
1740580029321,4782
1740580029368,4766
1740580029387,4734
1740580029408,4734
1740580029430,4726
1740580029454,4718
1740580029473,4702
1740580029495,4702
1740580029516,4702
1740580029538,4686
1740580029560,4670
1740580029603,4638
1740580029625,4606
1740580029646,4606
1740580029668,4598
1740580029692,4590
1740580029711,4566
1740580029733,4542
1740580029754,4526
1740580029776,4510
1740580029797,4510
1740580029820,4502
1740580029841,4478
1740580029862,4462
1740580029884,4438
1740580029906,4430
1740580029930,4446
1740580029949,4510
1740580029971,4574
1740580029992,4654
1740580030035,4766
1740580030058,4798
1740580030079,4830
1740580030100,4862
1740580030122,4894
1740580030168,4942
1740580030187,4926
1740580030209,4862
1740580030230,4862
1740580030254,4862
1740580030273,4846
1740580030295,4846
1740580030317,4830
1740580030338,4830
1740580030360,4814
1740580030382,4814
1740580030406,4798
1740580030425,4798
1740580030446,4798
1740580030468,4798
1740580030492,4798
1740580030515,4790
1740580030533,4798
1740580030555,4790
1740580030576,4798
1740580030598,4798
1740580030619,4782
1740580030641,4790
1740580030663,4798
1740580030685,4798
1740580030706,4798
1740580030731,4798
1740580030750,4782
1740580030771,4778
1740580030792,4766
1740580030836,4734
1740580030858,4734
1740580030879,4718
1740580030901,4734
1740580030922,4702
1740580030944,4686
1740580030969,4702
1740580030987,4686
1740580031009,4718
1740580031030,4766
1740580031074,4862
1740580031095,4926
1740580031117,4950
1740580031139,4982
1740580031160,4990
1740580031182,5022
1740580031207,5078
1740580031225,5054
1740580031247,5054
1740580031268,5022
1740580031293,4990
1740580031312,4974
1740580031333,4950
1740580031355,4958
1740580031377,4958
1740580031420,4974
1740580031463,4982
1740580031485,4990
1740580031506,4974
1740580031531,4990
1740580031550,4982
1740580031571,4982
1740580031593,4982
1740580031615,4974
1740580031636,4974
1740580031658,4958
1740580031680,4958
1740580031701,4958
1740580031723,4958
1740580031744,4958
1740580031768,4942
1740580031788,4926
1740580031809,4926
1740580031831,4910
1740580031874,4886
1740580031896,4862
1740580031918,4862
1740580031939,4862
1740580031982,4854
1740580032025,4846
1740580032047,4862
1740580032069,4894
1740580032093,4958
1740580032112,4990
1740580032134,5046
1740580032155,5070
1740580032180,5102
1740580032199,5118
1740580032220,5118
1740580032242,5166
1740580032263,5174
1740580032285,5166
1740580032307,5118
1740580032350,5118
1740580032372,5118
1740580032393,5118
1740580032418,5118
1740580032437,5118
1740580032459,5118
1740580032480,5086
1740580032501,5086
1740580032523,5086
1740580032545,5086
1740580032569,5054
1740580032588,5070
1740580032609,5078
1740580032632,5054
1740580032674,5070
1740580032696,5054
1740580032718,5054
1740580032739,5070
1740580032761,5086
1740580032783,5086
1740580032807,5070
1740580032826,5070
1740580032847,5054
1740580032870,5038
1740580032893,4990
1740580032912,4974
1740580032934,4958
1740580032956,4926
1740580032977,4926
1740580032999,4954
1740580033020,4990
1740580033042,5046
1740580033064,5086
1740580033107,5118
1740580033131,5118
1740580033150,5118
1740580033172,5118
1740580033193,5118
1740580033215,5118
1740580033237,5118
1740580033280,5054
1740580033302,5038
1740580033323,5038
1740580033346,5022
1740580033369,5014
1740580033388,4990
1740580033410,4974
1740580033432,4958
1740580033475,4910
1740580033496,4894
1740580033518,4862
1740580033540,4862
1740580033561,4830
1740580033584,4830
1740580033607,4814
1740580033626,4782
1740580033648,4782
1740580033670,4778
1740580033694,4766
1740580033713,4734
1740580033734,4702
1740580033756,4702
1740580033777,4686
1740580033800,4654
1740580033845,4606
1740580033864,4606
1740580033886,4590
1740580033907,4558
1740580033932,4542
1740580033950,4542
1740580033972,4574
1740580033994,4606
1740580034016,4654
1740580034038,4670
1740580034059,4702
1740580034080,4718
1740580034102,4718
1740580034124,4726
1740580034145,4734
1740580034169,4718
1740580034188,4702
1740580034210,4670
1740580034232,4638
1740580034275,4574
1740580034297,4542
1740580034318,4540
1740580034340,4526
1740580034361,4478
1740580034383,4462
1740580034408,4446
1740580034426,4438
1740580034448,4414
1740580034470,4398
1740580034495,4382
1740580034513,4350
1740580034535,4342
1740580034556,4334
1740580034578,4318
1740580034600,4286
1740580034621,4270
1740580034648,4254
1740580034669,4222
1740580034686,4206
1740580034708,4182
1740580034732,4158
1740580034751,4142
1740580034772,4094
1740580034794,4094
1740580034816,4086
1740580034837,4062
1740580034859,4054
1740580034880,4026
1740580034902,4014
1740580034946,3966
1740580034970,3950
1740580034989,3926
1740580035010,3926
1740580035032,3966
1740580035075,4054
1740580035097,4078
1740580035119,4094
1740580035140,4094
1740580035162,4094
1740580035185,4094
1740580035208,4094
1740580035227,4094
1740580035248,4094
1740580035270,4094
1740580035294,4030
1740580035313,3998
1740580035335,3966
1740580035356,3950
1740580035379,3934
1740580035401,3926
1740580035422,3902
1740580035445,3886
1740580035464,3870
1740580035508,3822
1740580035533,3806
1740580035551,3798
1740580035573,3774
1740580035594,3758
1740580035616,3758
1740580035638,3738
1740580035659,3710
1740580035681,3710
1740580035703,3694
1740580035724,3678
1740580035746,3662
1740580035770,3638
1740580035789,3638
1740580035810,3614
1740580035832,3582
1740580035876,3566
1740580035897,3550
1740580035919,3542
1740580035940,3518
1740580035962,3502
1740580035984,3502
1740580036008,3498
1740580036027,3478
1740580036049,3454
1740580036070,3454
1740580036113,3542
1740580036135,3582
1740580036157,3614
1740580036178,3638
1740580036200,3646
1740580036221,3646
1740580036246,3678
1740580036265,3678
1740580036286,3678
1740580036308,3678
1740580036333,3670
1740580036352,3630
1740580036373,3582
1740580036394,3582
1740580036416,3566
1740580036438,3550
1740580036459,3542
1740580036481,3534
1740580036503,3518
1740580036524,3502
1740580036547,3498
1740580036570,3478
1740580036589,3454
1740580036611,3450
1740580036632,3438
1740580036654,3422
1740580036676,3406
1740580036697,3382
1740580036719,3374
1740580036740,3350
1740580036763,3326
1740580036784,3326
1740580036808,3294
1740580036827,3278
1740580036849,3262
1740580036870,3254
1740580036913,3230
1740580036935,3198
1740580036957,3194
1740580036978,3178
1740580037001,3158
1740580037022,3150
1740580037046,3134
1740580037065,3150
1740580037086,3198
1740580037108,3246
1740580037132,3294
1740580037151,3294
1740580037173,3318
1740580037195,3326
1740580037220,3326
1740580037238,3326
1740580037259,3326
1740580037281,3322
1740580037303,3294
1740580037325,3278
1740580037346,3260
1740580037370,3246
1740580037389,3258
1740580037411,3246
1740580037434,3246
1740580037454,3230
1740580037475,3230
1740580037497,3214
1740580037541,3182
1740580037562,3182
1740580037584,3158
1740580037608,3150
1740580037627,3134
1740580037649,3126
1740580037671,3118
1740580037714,3070
1740580037735,3070
1740580037757,3054
1740580037778,3038
1740580037800,3022
1740580037822,2998
1740580037846,2990
1740580037865,2986
1740580037886,2974
1740580037932,2942
1740580037951,2942
1740580037973,2974
1740580037995,3038
1740580038016,3102
1740580038038,3134
1740580038059,3166
1740580038081,3182
1740580038103,3214
1740580038124,3214
1740580038147,3246
1740580038170,3238
1740580038189,3254
1740580038211,3222
1740580038232,3190
1740580038254,3166
1740580038276,3158
1740580038298,3158
1740580038319,3150
1740580038341,3134
1740580038363,3134
1740580038384,3118
1740580038408,3114
1740580038427,3102
1740580038470,3070
1740580038514,3062
1740580038535,3038
1740580038557,3030
1740580038579,3006
1740580038600,2990
1740580038646,2974
1740580038665,2966
1740580038687,2942
1740580038708,2942
1740580038733,2926
1740580038751,2922
1740580038773,2910
1740580038795,2902
1740580038816,2878
1740580038838,2870
1740580038861,2846
1740580038881,2838
1740580038903,2862
1740580038924,2910
1740580038946,2986
1740580038970,3038
1740580038989,3070
1740580039011,3118
1740580039033,3162
1740580039054,3194
1740580039077,3214
1740580039098,3246
1740580039119,3262
1740580039141,3278
1740580039162,3262
1740580039184,3246
1740580039208,3222
1740580039227,3222
1740580039249,3214
1740580039271,3222
1740580039314,3222
1740580039335,3222
1740580039357,3214
1740580039379,3198
1740580039400,3198
1740580039422,3198
1740580039446,3198
1740580039465,3182
1740580039487,3182
1740580039508,3166
1740580039534,3182
1740580039552,3166
1740580039573,3162
1740580039595,3150
1740580039616,3150
1740580039638,3134
1740580039660,3134
1740580039681,3134
1740580039703,3118
1740580039725,3118
1740580039747,3102
1740580039770,3118
1740580039789,3102
1740580039811,3102
1740580039833,3094
1740580039854,3070
1740580039876,3070
1740580039897,3070
1740580039941,3230
1740580039963,3294
1740580039985,3366
1740580040009,3406
1740580040027,3446
1740580040049,3486
1740580040070,3518
1740580040114,3582
1740580040135,3582
1740580040157,3582
1740580040179,3582
1740580040200,3582
1740580040223,3582
1740580040247,3582
1740580040265,3614
1740580040287,3626
1740580040308,3626
1740580040333,3630
1740580040352,3638
1740580040373,3646
1740580040395,3646
1740580040416,3662
1740580040439,3662
1740580040460,3670
1740580040484,3670
1740580040503,3678
1740580040525,3678
1740580040546,3678
1740580040571,3694
1740580040589,3678
1740580040611,3678
1740580040633,3694
1740580040676,3678
1740580040698,3694
1740580040719,3694
1740580040741,3694
1740580040762,3694
1740580040784,3694
1740580040808,3678
1740580040827,3678
1740580040849,3678
1740580040871,3694
1740580040914,3818
1740580040935,3862
1740580040957,3886
1740580040979,3918
1740580041000,3934
1740580041022,3934
1740580041046,3934
1740580041065,3934
1740580041087,3934
1740580041108,3918
1740580041134,3886
1740580041152,3870
1740580041173,3870
1740580041195,3870
1740580041217,3870
1740580041238,3878
1740580041284,3870
1740580041303,3854
1740580041325,3838
1740580041346,3838
1740580041372,3830
1740580041411,3818
1740580041433,3806
1740580041454,3806
1740580041476,3790
1740580041498,3774
1740580041519,3758
1740580041541,3758
1740580041562,3742
1740580041584,3726
1740580041610,3726
1740580041628,3702
1740580041649,3694
1740580041671,3670
1740580041714,3646
1740580041735,3646
1740580041757,3630
1740580041779,3614
1740580041800,3638
1740580041822,3702
1740580041848,3774
1740580041865,3838
1740580041887,3886
1740580041908,3918
1740580041932,3958
1740580041952,3990
1740580041973,4014
1740580041995,4030
1740580042017,4062
1740580042038,4054
1740580042061,4030
1740580042084,4030
1740580042103,4010
1740580042125,3998
1740580042146,3966
1740580042170,3950
1740580042190,3918
1740580042211,3886
1740580042233,3838
1740580042254,3838
1740580042277,3806
1740580042298,3798
1740580042319,3774
1740580042341,3758
1740580042363,3734
1740580042384,3710
1740580042408,3702
1740580042427,3678
1740580042449,3670
1740580042471,3646
1740580042514,3614
1740580042535,3582
1740580042557,3582
1740580042579,3566
1740580042600,3542
1740580042622,3518
1740580042646,3502
1740580042665,3478
1740580042687,3478
1740580042708,3454
1740580042734,3454
1740580042752,3438
1740580042773,3438
1740580042795,3422
1740580042816,3422
1740580042838,3478
1740580042860,3550
1740580042884,3614
1740580042903,3678
1740580042925,3734
1740580042948,3774
1740580042971,3806
1740580042989,3838
1740580043011,3886
1740580043033,3918
1740580043054,3950
1740580043076,3966
1740580043098,3946
1740580043119,3934
1740580043141,3918
1740580043164,3926
1740580043184,3930
1740580043208,3934
1740580043227,3950
1740580043249,3958
1740580043271,3966
1740580043314,3966
1740580043335,3966
1740580043357,3982
1740580043378,3990
1740580043401,3998
1740580043422,3990
1740580043446,3990
1740580043465,3998
1740580043487,3998
1740580043508,3998
1740580043533,3998
1740580043552,4014
1740580043573,3998
1740580043595,4010
1740580043620,4014
1740580043638,4014
1740580043660,3998
1740580043684,3998
1740580043703,3998
1740580043725,3998
1740580043746,3994
1740580043770,3990
1740580043789,3998
1740580043811,3982
1740580043834,3990
1740580043854,3998
1740580043876,3966
1740580043897,3966
1740580043919,3990
1740580043941,4030
1740580043962,4094
1740580043984,4182
1740580044008,4238
1740580044027,4318
1740580044051,4374
1740580044071,4414
1740580044114,4522
1740580044136,4542
1740580044157,4590
1740580044179,4606
1740580044200,4606
1740580044222,4590
1740580044246,4598
1740580044265,4590
1740580044288,4606
1740580044308,4606
1740580044332,4606
1740580044352,4638
1740580044373,4638
1740580044395,4654
1740580044416,4654
1740580044438,4654
1740580044460,4654
1740580044484,4654
1740580044507,4670
1740580044525,4670
1740580044546,4670
1740580044570,4670
1740580044589,4670
1740580044611,4686
1740580044632,4686
1740580044654,4670
1740580044676,4686
1740580044697,4694
1740580044720,4686
1740580044741,4686
1740580044762,4694
1740580044784,4694
1740580044808,4702
1740580044827,4694
1740580044849,4694
1740580044870,4686
1740580044914,4694
1740580044957,4686
1740580044983,4670
1740580045000,4670
1740580045021,4670
1740580045046,4686
1740580045065,4702
1740580045087,4766
1740580045109,4814
1740580045132,4862
1740580045151,4910
1740580045173,4926
1740580045196,4974
1740580045216,4990
1740580045238,5022
1740580045284,5078
1740580045324,5086
1740580045346,5086
1740580045370,5086
1740580045389,5086
1740580045411,5102
1740580045432,5102
1740580045458,5102
1740580045476,5118
1740580045498,5102
1740580045519,5102
1740580045541,5102
1740580045562,5102
1740580045584,5110
1740580045608,5110
1740580045649,5102
1740580045714,5086
1740580045737,5086
1740580045757,5086
1740580045778,5086
1740580045800,5078
1740580045822,5070
1740580045846,5078
1740580045865,5054
1740580045886,5054
1740580045908,5054
1740580045932,5054
1740580045956,5046
1740580045973,5046
1740580046016,5054
1740580046059,5118
1740580046084,5182
1740580046103,5214
1740580046124,5230
1740580046146,5246
1740580046170,5246
1740580046189,5278
1740580046213,5278
1740580046233,5294
1740580046254,5294
1740580046276,5262
1740580046297,5246
1740580046319,5246
1740580046341,5246
1740580046362,5246
1740580046384,5246
1740580046408,5246
1740580046432,5238
1740580046449,5230
1740580046470,5214
1740580046513,5206
1740580046535,5198
1740580046557,5198
1740580046578,5182
1740580046600,5166
1740580046621,5166
1740580046646,5150
1740580046669,5118
1740580046686,5118
1740580046708,5118
1740580046732,5118
1740580046751,5118
1740580046773,5102
1740580046794,5086
1740580046816,5070
1740580046838,5070
1740580046859,5054
1740580046885,5038
1740580046903,5038
1740580046924,5070
1740580046946,5110
1740580046970,5118
1740580046989,5166
1740580047011,5182
1740580047032,5182
1740580047054,5214
1740580047075,5214
1740580047099,5230
1740580047119,5230
1740580047140,5214
1740580047162,5198
1740580047184,5166
1740580047208,5150
1740580047227,5118
1740580047248,5118
1740580047270,5118
1740580047313,5102
1740580047337,5102
1740580047356,5086
1740580047378,5054
1740580047400,5054
1740580047421,5054
1740580047445,5038
1740580047465,5014
1740580047486,4990
1740580047508,4990
1740580047532,4974
1740580047555,4958
1740580047572,4950
1740580047594,4942
1740580047616,4918
1740580047637,4910
1740580047659,4910
1740580047683,4886
1740580047702,4862
1740580047724,4862
1740580047746,4846
1740580047772,4830
1740580047789,4830
1740580047810,4830
1740580047832,4854
1740580047854,4894
1740580047876,4942
1740580047897,4974
1740580047919,5014
1740580047940,5022
1740580047962,5054
1740580047985,5078
1740580048008,5086
1740580048027,5110
1740580048048,5118
1740580048070,5118
1740580048113,5102
1740580048135,5086
1740580048156,5102
1740580048178,5086
1740580048200,5102
1740580048223,5102
1740580048246,5102
1740580048264,5102
1740580048286,5110
1740580048308,5102
1740580048332,5102
1740580048351,5086
1740580048394,5086
1740580048416,5102
1740580048437,5086
1740580048461,5086
1740580048483,5086
1740580048502,5086
1740580048524,5102
1740580048545,5102
1740580048570,5086
1740580048589,5086
1740580048610,5102
1740580048632,5086
1740580048654,5102
1740580048677,5102
1740580048697,5102
1740580048718,5102
1740580048740,5110
1740580048762,5118
1740580048783,5118
1740580048807,5198
1740580048826,5246
1740580048848,5310
1740580048870,5342
1740580048913,5422
1740580048935,5454
1740580048956,5486
1740580048978,5502
1740580049000,5534
1740580049021,5550
1740580049045,5534
1740580049064,5534
1740580049086,5550
1740580049107,5566
1740580049133,5566
1740580049151,5566
1740580049172,5582
1740580049194,5598
1740580049216,5598
1740580049237,5598
1740580049259,5598
1740580049283,5598
1740580049302,5598
1740580049324,5614
1740580049347,5614
1740580049370,5614
1740580049389,5614
1740580049410,5614
1740580049432,5614
1740580049453,5630
1740580049475,5630
1740580049497,5630
1740580049518,5630
1740580049540,5630
1740580049564,5630
1740580049583,5630
1740580049607,5630
1740580049626,5630
1740580049648,5630
1740580049670,5630
1740580049713,5630
1740580049735,5678
1740580049756,5726
1740580049778,5758
1740580049801,5806
1740580049821,5822
1740580049845,5854
1740580049864,5886
1740580049886,5886
1740580049908,5942
1740580049932,5950
1740580049951,5950
1740580049973,5950
1740580049994,5950
1740580050020,5950
1740580050037,5950
1740580050059,5950
1740580050083,5950
1740580050102,5950
1740580050124,5950
1740580050145,5950
1740580050169,5950
1740580050188,5966
1740580050210,5950
1740580050234,5966
1740580050253,5966
1740580050275,5950
1740580050297,5950
1740580050318,5950
1740580050340,5950
1740580050361,5950
1740580050383,5934
1740580050407,5950
1740580050426,5934
1740580050450,5934
1740580050469,5918
1740580050513,5918
1740580050534,5886
1740580050556,5886
1740580050599,5886
1740580050645,5950
1740580050664,5982
1740580050686,6014
1740580050707,6038
1740580050734,6046
1740580050772,6078
1740580050794,6078
1740580050816,6102
1740580050837,6102
1740580050859,6094
1740580050883,6078
1740580050902,6062
1740580050923,6046
1740580050945,6046
1740580050972,6046
1740580051010,6046
1740580051032,6014
1740580051053,6014
1740580051075,6014
1740580051096,6014
1740580051118,6014
1740580051140,6006
1740580051161,5998
1740580051183,5982
1740580051210,5974
1740580051248,5950
1740580051269,5950
1740580051313,5934
1740580051334,5934
1740580051378,5886
1740580051399,5918
1740580051421,5886
1740580051445,5886
1740580051464,5886
1740580051507,5854
1740580051532,5846
1740580051551,5846
1740580051572,5846
1740580051594,5886
1740580051615,5918
1740580051637,5934
1740580051658,5950
1740580051702,5974
1740580051745,5974
1740580051772,5966
1740580051790,5950
1740580051810,5950
1740580051831,5934
1740580051853,5886
1740580051875,5886
1740580051896,5870
1740580051919,5854
1740580051940,5854
1740580051961,5838
1740580051986,5822
1740580052007,5806
1740580052026,5790
1740580052069,5758
1740580052113,5742
1740580052134,5726
1740580052156,5710
1740580052177,5694
1740580052199,5678
1740580052221,5630
1740580052248,5630
1740580052265,5630
1740580052286,5614
1740580052307,5614
1740580052331,5598
1740580052350,5582
1740580052372,5566
1740580052394,5550
1740580052437,5526
1740580052459,5502
1740580052485,5502
1740580052523,5470
1740580052545,5454
1740580052569,5438
1740580052588,5422
1740580052610,5406
1740580052632,5374
1740580052653,5374
1740580052675,5374
1740580052696,5406
1740580052723,5422
1740580052761,5438
1740580052783,5438
1740580052807,5430
1740580052826,5430
1740580052848,5422
1740580052869,5422
1740580052912,5374
1740580052934,5358
1740580052956,5310
1740580052983,5294
1740580053001,5246
1740580053021,5246
1740580053045,5230
1740580053064,5214
1740580053085,5182
1740580053107,5166
1740580053131,5118
1740580053150,5118
1740580053172,5102
1740580053196,5082
1740580053237,5046
1740580053258,5022
1740580053282,4990
1740580053302,4974
1740580053323,4958
1740580053345,4926
1740580053369,4918
1740580053388,4894
1740580053410,4862
1740580053434,4854
1740580053454,4830
1740580053475,4822
1740580053496,4798
1740580053518,4782
1740580053539,4766
1740580053561,4734
1740580053583,4734
1740580053607,4718
1740580053626,4694
1740580053651,4670
1740580053669,4654
1740580053712,4606
1740580053734,4606
1740580053756,4590
1740580053777,4574
1740580053799,4574
1740580053820,4558
1740580053844,4558
1740580053864,4590
1740580053889,4574
1740580053907,4574
1740580053931,4574
1740580053950,4566
1740580053972,4542
1740580053993,4542
1740580054015,4522
1740580054036,4510
1740580054058,4478
1740580054082,4446
1740580054107,4414
1740580054125,4398
1740580054145,4382
1740580054169,4350
1740580054188,4350
1740580054209,4318
1740580054231,4302
1740580054253,4286
1740580054275,4270
1740580054296,4246
1740580054323,4214
1740580054341,4206
1740580054361,4182
1740580054382,4158
1740580054407,4158
1740580054426,4094
1740580054448,4094
1740580054469,4094
1740580054512,4046
1740580054534,4030
1740580054559,4014
1740580054579,3998
1740580054599,3982
1740580054620,3950
1740580054645,3950
1740580054664,3926
1740580054685,3902
1740580054707,3902
1740580054731,3882
1740580054750,3838
1740580054774,3838
1740580054793,3822
1740580054815,3806
1740580054837,3806
1740580054858,3806
1740580054882,3822
1740580054901,3822
1740580054923,3806
1740580054944,3806
1740580054969,3798
1740580054994,3774
1740580055012,3758
1740580055031,3742
1740580055053,3726
1740580055074,3710
1740580055096,3678
1740580055117,3646
1740580055139,3630
1740580055182,3582
1740580055206,3574
1740580055231,3542
1740580055269,3502
1740580055312,3454
1740580055334,3438
1740580055355,3422
1740580055377,3406
1740580055399,3374
1740580055420,3350
1740580055444,3326
1740580055463,3318
1740580055488,3310
1740580055507,3286
1740580055531,3262
1740580055550,3246
1740580055571,3214
1740580055593,3198
1740580055615,3182
1740580055636,3166
1740580055658,3150
1740580055682,3134
1740580055707,3102
1740580055724,3070
1740580055744,3070
1740580055769,3054
1740580055788,3030
1740580055810,3022
1740580055831,3030
1740580055852,3038
1740580055874,3050
1740580055896,3054
1740580055923,3038
1740580055940,3038
1740580055961,3022
1740580055982,3006
1740580056006,2998
1740580056025,2990
1740580056047,2974
1740580056069,2934
1740580056112,2870
1740580056134,2858
1740580056158,2814
1740580056179,2806
1740580056198,2782
1740580056220,2766
1740580056244,2750
1740580056263,2718
1740580056285,2702
1740580056331,2654
1740580056350,2634
1740580056371,2614
1740580056396,2590
1740580056417,2558
1740580056436,2542
1740580056458,2526
1740580056482,2510
1740580056501,2486
1740580056523,2470
1740580056544,2452
1740580056569,2430
1740580056587,2410
1740580056612,2390
1740580056631,2358
1740580056652,2350
1740580056674,2334
1740580056696,2318
1740580056717,2294
1740580056739,2270
1740580056760,2262
1740580056783,2238
1740580056806,2214
1740580056831,2206
1740580056849,2190
1740580056869,2190
1740580056912,2198
1740580056933,2218
1740580056955,2238
1740580056976,2222
1740580057020,2214
1740580057063,2198
1740580057085,2190
1740580057110,2174
1740580057131,2158
1740580057149,2126
1740580057171,2094
1740580057193,2046
1740580057214,2038
1740580057236,2026
1740580057258,2006
1740580057282,1982
1740580057301,1980
1740580057326,1950
1740580057344,1934
1740580057368,1910
1740580057387,1902
1740580057409,1870
1740580057431,1870
1740580057452,1830
1740580057474,1814
1740580057495,1806
1740580057517,1782
1740580057545,1772
1740580057563,1742
1740580057582,1726
1740580057606,1726
1740580057625,1710
1740580057647,1686
1740580057668,1662
1740580057712,1630
1740580057733,1614
1740580057756,1610
1740580057783,1590
1740580057801,1566
1740580057820,1554
1740580057844,1534
1740580057863,1526
1740580057884,1502
1740580057907,1494
1740580057930,1482
1740580057950,1454
1740580057971,1450
1740580057996,1450
1740580058016,1466
1740580058036,1492
1740580058057,1518
1740580058082,1534
1740580058101,1534
1740580058123,1534
1740580058144,1534
1740580058168,1534
1740580058187,1526
1740580058212,1534
1740580058231,1534
1740580058252,1502
1740580058274,1486
1740580058295,1470
1740580058317,1462
1740580058339,1454
1740580058360,1446
1740580058382,1430
1740580058406,1406
1740580058431,1402
1740580058449,1388
1740580058468,1382
1740580058512,1354
1740580058533,1342
1740580058555,1322
1740580058576,1318
1740580058598,1302
1740580058619,1302
1740580058644,1274
1740580058669,1270
1740580058687,1258
1740580058706,1242
1740580058731,1230
1740580058749,1238
1740580058771,1214
1740580058793,1196
1740580058814,1194
1740580058836,1188
1740580058858,1174
1740580058885,1150
1740580058903,1142
1740580058922,1134
1740580058944,1130
1740580058968,1116
1740580058987,1098
1740580059009,1106
1740580059030,1078
1740580059052,1102
1740580059074,1118
1740580059099,1164
1740580059117,1194
1740580059138,1206
1740580059160,1238
1740580059182,1242
1740580059206,1246
1740580059225,1258
1740580059247,1270
1740580059268,1278
1740580059311,1262
1740580059337,1238
1740580059376,1242
1740580059398,1238
1740580059420,1238
1740580059444,1238
1740580059463,1242
1740580059484,1238
1740580059506,1214
1740580059530,1206
1740580059549,1206
1740580059574,1198
1740580059593,1198
1740580059614,1194
1740580059636,1194
1740580059657,1182
1740580059682,1182
1740580059701,1174
1740580059722,1166
1740580059744,1166
1740580059768,1162
1740580059793,1150
1740580059811,1150
1740580059830,1142
1740580059852,1130
1740580059874,1118
1740580059895,1118
1740580059917,1110
1740580059938,1106
1740580059960,1108
1740580059982,1098
1740580060009,1082
1740580060027,1076
1740580060047,1076
1740580060068,1070
1740580060133,1118
1740580060155,1172
1740580060177,1214
1740580060198,1246
1740580060219,1262
1740580060244,1278
1740580060268,1302
1740580060286,1326
1740580060306,1338
1740580060330,1354
1740580060349,1358
1740580060371,1342
1740580060392,1342
1740580060414,1342
1740580060436,1338
1740580060457,1342
1740580060501,1338
1740580060522,1334
1740580060544,1350
1740580060568,1354
1740580060587,1340
1740580060609,1342
1740580060630,1334
1740580060652,1334
1740580060674,1326
1740580060695,1326
1740580060722,1324
1740580060741,1318
1740580060760,1302
1740580060782,1318
1740580060806,1306
1740580060825,1302
1740580060868,1294
1740580060911,1278
1740580060933,1274
1740580060955,1278
1740580060982,1262
1740580061000,1270
1740580061019,1262
1740580061043,1254
1740580061063,1246
1740580061084,1246
1740580061106,1238
1740580061130,1228
1740580061149,1228
1740580061171,1214
1740580061196,1214
1740580061217,1238
1740580061236,1278
1740580061257,1342
1740580061281,1390
1740580061300,1430
1740580061322,1466
1740580061344,1482
1740580061368,1510
1740580061387,1534
1740580061412,1562
1740580061430,1590
1740580061452,1598
1740580061473,1598
1740580061495,1598
1740580061517,1582
1740580061538,1582
1740580061560,1590
1740580061606,1596
1740580061625,1598
1740580061650,1614
1740580061668,1610
1740580061711,1610
1740580061733,1612
1740580061754,1614
1740580061776,1614
1740580061798,1614
1740580061819,1610
1740580061844,1612
1740580061862,1606
1740580061888,1598
1740580061930,1598
1740580061949,1594
1740580061971,1590
1740580061992,1590
1740580062014,1566
1740580062035,1590
1740580062057,1578
1740580062081,1574
1740580062100,1566
1740580062125,1566
1740580062168,1564
1740580062187,1558
1740580062209,1558
1740580062230,1550
1740580062252,1550
1740580062273,1534
1740580062295,1550
1740580062316,1556
1740580062338,1598
1740580062363,1652
1740580062381,1702
1740580062405,1738
1740580062425,1758
1740580062446,1782
1740580062468,1790
1740580062511,1838
1740580062533,1866
1740580062554,1870
1740580062576,1870
1740580062601,1854
1740580062620,1838
1740580062643,1850
1740580062662,1854
1740580062684,1854
1740580062706,1854
1740580062749,1854
1740580062770,1854
1740580062792,1854
1740580062814,1854
1740580062839,1846
1740580062881,1854
1740580062900,1838
1740580062922,1846
1740580062944,1834
1740580062968,1834
1740580062987,1830
1740580063008,1834
1740580063030,1830
1740580063073,1818
1740580063117,1814
1740580063138,1790
1740580063159,1790
1740580063181,1790
1740580063205,1782
1740580063224,1782
1740580063246,1774
1740580063268,1774
1740580063311,1758
1740580063333,1758
1740580063360,1782
1740580063379,1822
1740580063397,1876
1740580063443,1942
1740580063484,1982
1740580063505,1998
1740580063530,2014
1740580063548,2030
1740580063570,2030
1740580063592,2030
1740580063620,2030
1740580063639,2014
1740580063681,1998
1740580063700,2006
1740580063722,2006
1740580063743,1998
1740580063768,2006
1740580063787,1998
1740580063808,1998
1740580063830,1996
1740580063857,1982
1740580063876,1982
1740580063895,1982
1740580063916,1978
1740580063938,1966
1740580063959,1950
1740580063981,1966
1740580064005,1950
1740580064024,1950
1740580064046,1942
1740580064071,1950
1740580064111,1934
1740580064132,1918
1740580064154,1918
1740580064176,1910
1740580064197,1910
1740580064219,1902
1740580064243,1898
1740580064262,1886
1740580064283,1870
1740580064309,1866
1740580064349,1846
1740580064370,1866
1740580064392,1910
1740580064413,1962
1740580064435,2014
1740580064457,2038
1740580064481,2070
1740580064500,2078
1740580064521,2102
1740580064546,2134
1740580064568,2154
1740580064587,2166
1740580064608,2158
1740580064630,2158
1740580064673,2134
1740580064694,2126
1740580064716,2134
1740580064738,2142
1740580064760,2142
1740580064785,2134
1740580064824,2142
1740580064846,2126
1740580064867,2142
1740580064911,2138
1740580064932,2134
1740580064954,2122
1740580064976,2122
1740580064997,2126
1740580065019,2110
1740580065047,2102
1740580065065,2094
1740580065105,2094
1740580065129,2078
1740580065149,2078
1740580065170,2078
1740580065192,2046
1740580065235,2046
1740580065257,2046
1740580065281,2046
1740580065307,2046
1740580065325,2046
1740580065367,2038
1740580065386,2038
1740580065408,2026
1740580065429,2014
1740580065451,2014
1740580065473,2038
1740580065495,2110
1740580065516,2174
1740580065544,2230
1740580065563,2302
1740580065605,2366
1740580065646,2462
1740580065667,2494
1740580065711,2542
1740580065732,2542
1740580065754,2550
1740580065775,2542
1740580065797,2554
1740580065822,2558
1740580065862,2590
1740580065884,2598
1740580065905,2614
1740580065929,2638
1740580065948,2638
1740580065970,2638
1740580066013,2654
1740580066057,2670
1740580066081,2670
1740580066106,2670
1740580066125,2686
1740580066167,2686
1740580066186,2686
1740580066208,2686
1740580066230,2686
1740580066252,2710
1740580066273,2702
1740580066294,2702
1740580066316,2702
1740580066345,2702
1740580066364,2710
1740580066405,2710
1740580066424,2710
1740580066446,2702
1740580066467,2718
1740580066511,2710
1740580066532,2702
1740580066554,2710
1740580066575,2710
1740580066601,2734
1740580066643,2878
1740580066662,2942
1740580066683,2990
1740580066705,3038
1740580066729,3070
1740580066748,3110
1740580066770,3150
1740580066792,3182
1740580066813,3222
1740580066839,3230
1740580066881,3246
1740580066900,3230
1740580066921,3246
1740580066943,3262
1740580066967,3278
1740580066986,3286
1740580067008,3294
1740580067030,3310
1740580067051,3310
1740580067077,3318
1740580067116,3326
1740580067159,3326
1740580067181,3326
1740580067205,3342
1740580067224,3350
1740580067245,3358
1740580067267,3358
1740580067311,3358
1740580067332,3358
1740580067360,3358
1740580067379,3370
1740580067418,3370
1740580067443,3374
1740580067462,3370
1740580067484,3374
1740580067530,3354
1740580067549,3374
1740580067570,3358
1740580067591,3350
1740580067619,3350
1740580067638,3358
1740580067681,3454
1740580067700,3502
1740580067721,3550
1740580067743,3582
1740580067767,3582
1740580067786,3630
1740580067808,3646
1740580067829,3678
1740580067858,3678
1740580067894,3678
1740580067916,3670
1740580067938,3678
1740580067959,3678
1740580067981,3694
1740580068005,3702
1740580068024,3690
1740580068046,3694
1740580068068,3694
1740580068111,3678
1740580068132,3678
1740580068154,3678
1740580068175,3678
1740580068197,3674
1740580068219,3670
1740580068243,3670
1740580068262,3670
1740580068283,3662
1740580068305,3646
1740580068333,3646
1740580068352,3646
1740580068392,3630
1740580068413,3630
1740580068435,3630
1740580068457,3614
1740580068481,3614
1740580068500,3582
1740580068521,3582
1740580068543,3582
1740580068571,3626
1740580068590,3670
1740580068630,3758
1740580068651,3790
1740580068673,3806
1740580068694,3830
1740580068716,3838
1740580068737,3838
1740580068759,3854
1740580068781,3838
1740580068809,3838
1740580068828,3822
1740580068867,3806
1740580068910,3806
1740580068932,3822
1740580068954,3806
1740580068975,3806
1740580068997,3798
1740580069018,3790
1740580069043,3790
1740580069068,3774
1740580069087,3770
1740580069129,3758
1740580069148,3754
1740580069170,3758
1740580069192,3742
1740580069213,3742
1740580069235,3726
1740580069256,3710
1740580069280,3726
1740580069306,3710
1740580069325,3710
1740580069367,3702
1740580069386,3694
1740580069408,3694
1740580069430,3710
1740580069472,3838
1740580069494,3894
1740580069516,3934
1740580069537,3966
1740580069563,4022
1740580069605,4094
1740580069624,4094
1740580069645,4150
1740580069667,4158
1740580069710,4174
1740580069732,4158
1740580069754,4186
1740580069775,4190
1740580069797,4190
1740580069823,4214
1740580069862,4222
1740580069883,4222
1740580069905,4250
1740580069929,4246
1740580069948,4270
1740580069970,4270
1740580069991,4270
1740580070013,4286
1740580070034,4286
1740580070060,4286
1740580070100,4314
1740580070121,4318
1740580070143,4334
1740580070167,4334
1740580070186,4334
1740580070207,4350
1740580070229,4350
1740580070251,4350
1740580070273,4374
1740580070298,4382
1740580070337,4446
1740580070359,4526
1740580070380,4606
1740580070405,4670
1740580070445,4814
1740580070467,4862
1740580070510,4982
1740580070532,5038
1740580070553,5054
1740580070597,5102
1740580070619,5110
1740580070642,5118
1740580070662,5118
1740580070683,5166
1740580070705,5182
1740580070729,5182
1740580070748,5214
1740580070770,5214
1740580070791,5246
1740580070820,5246
1740580070838,5246
1740580070880,5278
1740580070899,5294
1740580070921,5310
1740580070942,5334
1740580070966,5334
1740580070986,5358
1740580071008,5358
1740580071029,5374
1740580071057,5374
1740580071076,5374
1740580071115,5406
1740580071137,5406
1740580071159,5438
1740580071180,5438
1740580071205,5438
1740580071224,5438
1740580071245,5454
1740580071267,5470
1740580071310,5550
1740580071332,5614
1740580071353,5686
1740580071376,5742
1740580071397,5806
1740580071418,5838
1740580071442,5870
1740580071461,5886
1740580071483,5942
1740580071505,5982
1740580071533,5998
1740580071552,6014
1740580071591,6014
1740580071612,6014
1740580071634,6046
1740580071656,6062
1740580071699,6078
1740580071721,6078
1740580071743,6094
1740580071767,6102
1740580071793,6110
1740580071812,6110
1740580071850,6126
1740580071872,6126
1740580071935,6142
1740580071959,6142
1740580071980,6142
1740580072005,6142
1740580072023,6142
1740580072045,6142
1740580072071,6142
1740580072110,6142
1740580072132,6142
1740580072153,6190
1740580072175,6142
1740580072196,6206
1740580072218,6270
1740580072242,6302
1740580072262,6334
1740580072283,6366
1740580072309,6398
1740580072348,6454
1740580072369,6462
1740580072391,6494
1740580072412,6494
1740580072434,6494
1740580072456,6486
1740580072473,6478
1740580072495,6494
1740580072516,6510
1740580072538,6510
1740580072562,6510
1740580072581,6494
1740580072603,6510
1740580072624,6510
1740580072646,6510
1740580072668,6510
1740580072689,6510
1740580072711,6510
1740580072732,6510
1740580072754,6494
1740580072776,6510
1740580072804,6510
1740580072824,6510
1740580072845,6510
1740580072867,6510
1740580072910,6494
1740580072931,6494
1740580072953,6486
1740580072975,6494
1740580073001,6494
1740580073043,6462
1740580073083,6494
1740580073105,6526
1740580073129,6558
1740580073147,6590
1740580073169,6614
1740580073191,6638
1740580073213,6646
1740580073234,6654
1740580073260,6654
1740580073299,6654
1740580073321,6654
1740580073342,6654
1740580073367,6654
1740580073386,6646
1740580073407,6646
1740580073429,6646
1740580073450,6646
1740580073472,6638
1740580073498,6638
1740580073537,6622
1740580073559,6622
1740580073580,6614
1740580073604,6622
1740580073623,6590
1740580073645,6590
1740580073667,6590
1740580073710,6574
1740580073731,6574
1740580073760,6574
1740580073779,6574
1740580073818,6558
1740580073842,6550
1740580073861,6558
1740580073904,6526
1740580073928,6526
1740580073948,6526
1740580073969,6518
1740580073991,6510
1740580074019,6526
1740580074039,6526
1740580074080,6590
1740580074099,6622
1740580074121,6638
1740580074142,6622
1740580074166,6638
1740580074185,6654
1740580074207,6654
1740580074229,6654
1740580074272,6654
1740580074294,6654
1740580074315,6638
1740580074337,6622
1740580074358,6638
1740580074380,6622
1740580074404,6622
1740580074423,6622
1740580074445,6590
1740580074466,6590
1740580074510,6590
1740580074531,6590
1740580074553,6582
1740580074596,6558
1740580074642,6558
1740580074661,6526
1740580074683,6526
1740580074704,6526
1740580074729,6526
1740580074748,6518
1740580074774,6510
1740580074793,6510
1740580074834,6494
1740580074856,6494
1740580074880,6486
1740580074899,6494
1740580074921,6486
1740580074942,6462
1740580074966,6462
1740580074985,6462
1740580075011,6446
1740580075050,6430
1740580075072,6454
1740580075094,6478
1740580075115,6510
1740580075158,6526
1740580075180,6550
1740580075204,6558
1740580075223,6574
1740580075245,6574
1740580075271,6574
1740580075310,6574
1740580075331,6574
1740580075375,6526
1740580075396,6526
1740580075418,6526
1740580075442,6526
1740580075461,6526
1740580075483,6526
1740580075504,6518
1740580075533,6494
1740580075552,6510
1740580075571,6494
1740580075591,6494
1740580075613,6494
1740580075634,6478
1740580075656,6462
1740580075680,6462
1740580075698,6462
1740580075742,6446
1740580075771,6446
1740580075789,6446
1740580075828,6430
1740580075872,6430
1740580075893,6398
1740580075915,6398
1740580075936,6398
1740580075958,6398
1740580075980,6398
1740580076004,6390
1740580076030,6382
1740580076049,6366
1740580076068,6366
1740580076109,6398
1740580076131,6398
1740580076153,6430
1740580076174,6446
1740580076196,6446
1740580076218,6430
1740580076242,6446
1740580076268,6446
1740580076288,6446
1740580076306,6430
1740580076328,6398
1740580076347,6398
1740580076369,6398
1740580076391,6390
1740580076412,6382
1740580076434,6366
1740580076456,6366
1740580076484,6358
1740580076503,6334
1740580076522,6334
1740580076542,6334
1740580076566,6326
1740580076585,6318
1740580076606,6318
1740580076628,6302
1740580076650,6302
1740580076672,6270
1740580076698,6270
1740580076720,6270
1740580076739,6270
1740580076758,6254
1740580076780,6254
1740580076804,6238
1740580076845,6222
1740580076909,6206
1740580076931,6198
1740580076953,6190
1740580076981,6142
1740580077001,6142
1740580077019,6142
1740580077041,6142
1740580077061,6190
1740580077083,6206
1740580077104,6206
1740580077128,6222
1740580077169,6222
1740580077213,6206
1740580077238,6206
1740580077258,6190
1740580077279,6142
1740580077298,6142
1740580077320,6142
1740580077342,6134
1740580077366,6126
1740580077407,6110
1740580077428,6094
1740580077471,6078
1740580077498,6062
1740580077520,6046
1740580077539,6046
1740580077558,6014
1740580077580,6014
1740580077604,6014
1740580077644,5982
1740580077666,5982
1740580077709,5950
1740580077731,5950
1740580077759,5942
1740580077779,5950
1740580077798,5918
1740580077817,5918
1740580077842,5886
1740580077882,5886
1740580077903,5870
1740580077928,5854
1740580077969,5846
1740580077991,5822
1740580078019,5822
1740580078038,5822
1740580078058,5806
1740580078098,5822
1740580078120,5846
1740580078142,5854
1740580078166,5854
1740580078185,5846
1740580078206,5838
1740580078228,5846
1740580078257,5846
1740580078276,5822
1740580078295,5814
1740580078314,5790
1740580078336,5782
1740580078358,5758
1740580078379,5726
1740580078403,5726
1740580078444,5686
1740580078509,5630
1740580078535,5630
1740580078554,5614
1740580078576,5598
1740580078596,5566
1740580078617,5566
1740580078641,5566
1740580078682,5526
1740580078704,5502
1740580078728,5502
1740580078768,5470
1740580078794,5470
1740580078816,5438
1740580078855,5422
1740580078879,5406
1740580078898,5374
1740580078920,5374
1740580078941,5374
1740580078966,5358
1740580079006,5342
1740580079028,5326
1740580079057,5310
1740580079076,5310
1740580079095,5294
1740580079136,5278
1740580079158,5278
1740580079179,5302
1740580079203,5302
1740580079244,5294
1740580079266,5294
1740580079309,5278
1740580079335,5278
1740580079358,5246
1740580079377,5246
1740580079417,5182
1740580079441,5182
1740580079460,5162
1740580079482,5118
1740580079503,5118
1740580079528,5118
1740580079568,5078
1740580079594,5078
1740580079616,5046
1740580079636,5022
1740580079655,5014
1740580079679,4990
1740580079719,4958
1740580079741,4950
1740580079765,4942
1740580079806,4910
1740580079828,4894
1740580079856,4894
1740580079876,4862
1740580079895,4862
1740580079936,4830
1740580079958,4830
1740580079979,4814
1740580080003,4798
1740580080044,4782
1740580080065,4766
1740580080108,4734
1740580080135,4734
1740580080154,4734
1740580080176,4718
1740580080217,4702
1740580080241,4718
1740580080282,4734
1740580080303,4718
1740580080327,4718
1740580080347,4702
1740580080368,4702
1740580080394,4670
1740580080416,4670
1740580080436,4654
1740580080479,4606
1740580080519,4574
1740580080541,4558
1740580080565,4542
1740580080606,4526
1740580080628,4510
1740580080692,4446
1740580080722,4438
1740580080741,4414
1740580080761,4398
1740580080803,4350
1740580080843,4334
1740580080865,4334
1740580080909,4286
1740580080930,4286
1740580080952,4270
1740580080995,4222
1740580081021,4214
1740580081043,4206
1740580081063,4190
1740580081104,4158
1740580081127,4158
1740580081168,4138
1740580081189,4142
1740580081211,4154
1740580081233,4150
1740580081254,4150
1740580081283,4142
1740580081302,4094
1740580081322,4094
1740580081341,4094
1740580081365,4094
1740580081406,4054
1740580081427,4022
1740580081471,3990
1740580081492,3982
1740580081514,3958
1740580081543,3950
1740580081563,3926
1740580081582,3918
1740580081622,3870
1740580081644,3838
1740580081665,3838
1740580081708,3822
1740580081730,3806
1740580081752,3774
1740580081795,3742
1740580081821,3734
1740580081843,3710
1740580081863,3702
1740580081903,3662
1740580081927,3646
1740580081968,3614
1740580081990,3606
1740580082033,3574
1740580082054,3566
1740580082079,3582
1740580082105,3582
1740580082125,3606
1740580082144,3582
1740580082184,3582
1740580082206,3582
1740580082227,3582
1740580082270,3582
1740580082292,3566
1740580082335,3534
1740580082357,3518
1740580082383,3502
1740580082405,3502
1740580082424,3502
1740580082465,3478
1740580082508,3454
1740580082530,3454
1740580082552,3446
1740580082595,3446
1740580082616,3446
1740580082640,3438
1740580082667,3438
1740580082703,3438
1740580082727,3438
1740580082768,3434
1740580082789,3446
1740580082832,3438
1740580082854,3446
1740580082878,3446
1740580082919,3454
1740580082941,3470
1740580082969,3502
1740580082989,3550
1740580083009,3614
1740580083049,3710
1740580083070,3758
1740580083092,3806
1740580083113,3838
1740580083157,3934
1740580083178,3966
1740580083203,3998
1740580083229,4014
1740580083249,4030
1740580083268,4046
1740580083308,4094
1740580083330,4094
1740580083351,4150
1740580083394,4190
1740580083440,4222
1740580083481,4254
1740580083503,4286
1740580083532,4286
1740580083551,4310
1740580083571,4318
1740580083611,4350
1740580083632,4374
1740580083654,4382
1740580083678,4398
1740580083719,4430
1740580083740,4446
1740580083764,4458
1740580083791,4478
1740580083811,4478
1740580083830,4502
1740580083852,4510
1740580083892,4558
1740580083913,4606
1740580083956,4718
1740580083978,4766
1740580084002,4822
1740580084022,4862
1740580084048,4910
1740580084068,4974
1740580084107,5070
1740580084129,5086
1740580084151,5102
1740580084194,5118
1740580084216,5150
1740580084240,5182
1740580084280,5230
1740580084302,5246
1740580084346,5294
1740580084367,5294
1740580084389,5310
1740580084432,5358
1740580084454,5342
1740580084478,5374
1740580084519,5374
1740580084540,5398
1740580084564,5422
1740580084605,5434
1740580084631,5438
1740580084670,5462
1740580084691,5470
1740580084713,5462
1740580084756,5486
1740580084778,5502
1740580084802,5526
1740580084843,5598
1740580084864,5630
1740580084908,5710
1740580084934,5742
1740580084954,5758
1740580084976,5806
1740580085016,5822
1740580085040,5846
1740580085080,5870
1740580085102,5886
1740580085126,5886
1740580085167,5918
1740580085189,5934
1740580085218,5950
1740580085237,5950
1740580085257,5950
1740580085297,5950
1740580085318,5982
1740580085340,5982
1740580085364,5982
1740580085405,5982
1740580085448,5998
1740580085470,5998
1740580085496,5998
1740580085519,5998
1740580085538,6006
1740580085577,5998
1740580085602,5998
1740580085643,6014
1740580085664,6014
1740580085708,6078
1740580085729,6110
1740580085751,6126
1740580085779,6142
1740580085799,6142
1740580085819,6190
1740580085859,6238
1740580085880,6238
1740580085902,6254
1740580085926,6238
1740580085967,6270
1740580085988,6254
1740580086032,6270
1740580086058,6270
1740580086081,6270
1740580086100,6270
1740580086140,6270
1740580086164,6270
1740580086205,6270
1740580086226,6270
1740580086270,6270
1740580086291,6270
1740580086313,6270
1740580086342,6270
1740580086362,6270
1740580086382,6270
1740580086404,6270
1740580086423,6270
1740580086464,6254
1740580086507,6254
1740580086529,6238
1740580086551,6238
1740580086594,6254
1740580086620,6270
1740580086642,6302
1740580086662,6334
1740580086702,6358
1740580086726,6382
1740580086767,6398
1740580086789,6398
1740580086832,6430
1740580086853,6398
1740580086878,6398
1740580086904,6398
1740580086924,6398
1740580086944,6398
1740580086983,6398
1740580087005,6398
1740580087026,6398
1740580087069,6398
1740580087091,6398
1740580087113,6398
1740580087156,6398
1740580087182,6398
1740580087205,6398
1740580087224,6398
1740580087264,6398
1740580087307,6366
1740580087329,6366
1740580087351,6382
1740580087394,6350
1740580087415,6366
1740580087439,6366
1740580087466,6366
1740580087485,6334
1740580087505,6334
1740580087545,6334
1740580087567,6318
1740580087588,6334
1740580087632,6302
1740580087653,6318
1740580087697,6334
1740580087718,6366
1740580087745,6382
1740580087768,6398
1740580087787,6398
1740580087807,6430
1740580087869,6462
1740580087891,6462
1740580087913,6462
1740580087955,6462
1740580087977,6446
1740580088020,6462
1740580088048,6462
1740580088067,6446
1740580088107,6462
1740580088129,6462
1740580088150,6462
1740580088193,6454
1740580088215,6454
1740580088239,6462
1740580088280,6446
1740580088302,6446
1740580088331,6446
1740580088351,6446
1740580088371,6446
1740580088390,6446
1740580088412,6430
1740580088453,6430
1740580088477,6398
1740580088518,6398
1740580088539,6398
1740580088563,6398
1740580088590,6398
1740580088610,6398
1740580088630,6398
1740580088652,6398
1740580088671,6398
1740580088712,6390
1740580088756,6382
1740580088777,6382
1740580088801,6390
1740580088842,6398
1740580088869,6430
1740580088907,6446
1740580088928,6462
1740580088950,6478
1740580088994,6494
1740580089015,6494
1740580089039,6478
1740580089080,6462
1740580089102,6462
1740580089126,6462
1740580089152,6446
1740580089172,6446
1740580089192,6430
1740580089214,6398
1740580089234,6430
1740580089277,6398
1740580089318,6398
1740580089339,6398
1740580089363,6398
1740580089404,6382
1740580089431,6366
1740580089469,6366
1740580089491,6366
1740580089513,6366
1740580089556,6334
1740580089577,6334
1740580089601,6318
1740580089642,6318
1740580089664,6302
1740580089707,6294
1740580089734,6270
1740580089756,6270
1740580089776,6270
1740580089796,6270
1740580089839,6270
1740580089880,6302
1740580089901,6302
1740580089925,6302
1740580089966,6318
1740580089988,6318
1740580090017,6318
1740580090037,6302
1740580090057,6270
1740580090080,6270
1740580090100,6254
1740580090120,6238
1740580090163,6206
1740580090204,6206
1740580090226,6142
1740580090269,6142
1740580090295,6142
1740580090318,6134
1740580090338,6134
1740580090357,6110
1740580090401,6110
1740580090442,6078
1740580090464,6078
1740580090507,6046
1740580090528,6014
1740580090550,6014
1740580090579,6014
1740580090600,6006
1740580090619,5998
1740580090641,5982
1740580090661,5982
1740580090701,5950
1740580090726,5950
1740580090766,5918
1740580090788,5918
1740580090832,5886
1740580090858,5886
1740580090880,5886
1740580090900,5886
1740580090920,5886
1740580090963,5886
1740580091004,5886
1740580091026,5886
1740580091069,5878
1740580091090,5854
1740580091134,5822
1740580091161,5790
1740580091180,5790
1740580091220,5750
1740580091242,5742
1740580091264,5726
1740580091306,5694
1740580091328,5678
1740580091350,5630
1740580091393,5630
1740580091415,5622
1740580091444,5598
1740580091464,5598
1740580091501,5558
1740580091525,5550
1740580091566,5526
1740580091588,5502
1740580091631,5486
1740580091652,5470
1740580091677,5470
1740580091718,5438
1740580091745,5406
1740580091768,5406
1740580091788,5374
1740580091807,5374
1740580091869,5342
1740580091890,5342
1740580091912,5334
1740580091955,5310
1740580091977,5302
1740580092001,5278
1740580092028,5278
1740580092048,5294
1740580092068,5294
1740580092107,5294
1740580092128,5294
1740580092150,5294
1740580092193,5246
1740580092239,5246
1740580092279,5214
1740580092301,5182
1740580092331,5166
1740580092350,5118
1740580092370,5118
1740580092390,5102
1740580092412,5086
1740580092452,5054
1740580092476,5046
1740580092517,5022
1740580092539,5014
1740580092563,4990
1740580092590,4974
1740580092610,4974
1740580092630,4950
1740580092669,4926
1740580092690,4918
1740580092712,4894
1740580092755,4862
1740580092777,4862
1740580092801,4854
1740580092842,4830
1740580092868,4822
1740580092906,4798
1740580092928,4782
1740580092950,4766
1740580092993,4734
1740580093014,4734
1740580093039,4734
1740580093079,4702
1740580093101,4702
1740580093125,4702
1740580093152,4686
1740580093172,4670
1740580093192,4670
1740580093215,4654
1740580093235,4662
1740580093255,4670
1740580093295,4670
1740580093317,4670
1740580093339,4670
1740580093363,4654
1740580093390,4654
1740580093410,4654
1740580093430,4638
1740580093468,4606
1740580093490,4598
1740580093511,4574
1740580093555,4542
1740580093577,4526
1740580093601,4510
1740580093641,4478
1740580093668,4478
1740580093706,4446
1740580093728,4438
1740580093750,4430
1740580093793,4414
1740580093814,4394
1740580093838,4374
1740580093879,4350
1740580093901,4342
1740580093925,4334
1740580093952,4318
1740580093972,4318
1740580093995,4302
1740580094015,4286
1740580094035,4278
1740580094055,4270
1740580094117,4238
1740580094139,4222
1740580094163,4222
1740580094203,4206
1740580094268,4174
1740580094290,4174
1740580094312,4190
1740580094355,4206
1740580094376,4206
1740580094400,4190
1740580094441,4190
1740580094506,4174
1740580094528,4158
1740580094549,4142
1740580094578,4094
1740580094598,4094
1740580094619,4094
1740580094641,4094
1740580094661,4094
1740580094681,4078
1740580094745,4062
1740580094763,4030
1740580094809,4022
1740580094831,3998
1740580094858,3990
1740580094881,3966
1740580094901,3966
1740580094921,3962
1740580094941,3950
1740580094982,3934
1740580095003,3926
1740580095025,3918
1740580095068,3898
1740580095090,3886
1740580095119,3882
1740580095139,3870
1740580095176,3838
1740580095220,3830
1740580095241,3830
1740580095263,3822
1740580095306,3798
1740580095327,3774
1740580095349,3790
1740580095393,3774
1740580095419,3774
1740580095442,3806
1740580095462,3830
1740580095482,3822
1740580095525,3838
1740580095587,3830
1740580095630,3822
1740580095652,3806
1740580095676,3798
1740580095717,3774
1740580095744,3770
1740580095767,3766
1740580095787,3742
1740580095807,3742
1740580095827,3726
1740580095868,3710
1740580095890,3710
1740580095911,3702
1740580095955,3678
1740580095976,3662
1740580096006,3646
1740580096026,3646
1740580096046,3642
1740580096066,3630
1740580096106,3614
1740580096128,3582
1740580096149,3582
1740580096192,3582
1740580096214,3566
1740580096238,3566
1740580096265,3550
1740580096285,3534
1740580096325,3518
1740580096366,3486
1740580096387,3486
1740580096430,3454
1740580096452,3438
1740580096476,3434
1740580096517,3406
1740580096538,3406
1740580096569,3406
1740580096589,3422
1740580096609,3446
1740580096629,3454
1740580096669,3450
1740580096690,3454
1740580096711,3470
1740580096754,3454
1740580096776,3482
1740580096800,3454
1740580096827,3450
1740580096848,3438
1740580096868,3422
1740580096906,3414
1740580096927,3414
1740580096949,3406
1740580097014,3374
1740580097057,3358
1740580097079,3358
1740580097101,3326
1740580097131,3350
1740580097151,3326
1740580097171,3310
1740580097191,3326
1740580097214,3310
1740580097235,3310
1740580097255,3294
1740580097295,3286
1740580097317,3278
1740580097338,3284
1740580097368,3262
1740580097389,3262
1740580097409,3254
1740580097429,3246
1740580097468,3230
1740580097490,3230
1740580097511,3214
1740580097554,3198
1740580097576,3198
1740580097600,3190
1740580097628,3182
1740580097648,3190
1740580097669,3214
1740580097705,3262
1740580097728,3278
1740580097749,3294
1740580097792,3322
1740580097814,3326
1740580097838,3354
1740580097878,3370
1740580097925,3350
1740580097965,3326
1740580097987,3326
1740580098030,3326
1740580098052,3326
1740580098076,3342
1740580098117,3326
1740580098138,3326
1740580098162,3310
1740580098203,3310
1740580098230,3318
1740580098268,3306
1740580098289,3310
1740580098311,3294
1740580098354,3294
1740580098376,3294
1740580098400,3286
1740580098441,3262
1740580098462,3262
1740580098506,3258
1740580098533,3262
1740580098557,3254
1740580098577,3254
1740580098597,3246
1740580098617,3246
1740580098640,3230
1740580098660,3230
1740580098681,3230
1740580098724,3230
1740580098765,3294
1740580098795,3310
1740580098815,3326
1740580098835,3342
1740580098856,3358
1740580098879,3374
1740580098898,3390
1740580098919,3390
1740580098962,3390
1740580099025,3370
1740580099068,3374
1740580099095,3366
1740580099118,3374
1740580099138,3358
1740580099159,3354
1740580099179,3342
1740580099219,3326
1740580099241,3342
1740580099262,3326
1740580099306,3318
1740580099327,3318
1740580099357,3310
1740580099377,3310
1740580099398,3306
1740580099418,3294
1740580099441,3290
1740580099461,3286
1740580099481,3278
1740580099524,3262
1740580099565,3254
1740580099587,3246
1740580099617,3242
1740580099638,3242
1740580099658,3230
1740580099681,3230
1740580099702,3258
1740580099722,3286
1740580099743,3310
1740580099765,3326
1740580099786,3326
1740580099806,3350
1740580099836,3370
1740580099868,3374
1740580099889,3374
1740580099911,3382
1740580099954,3374
1740580099976,3366
1740580100000,3358
1740580100041,3350
1740580100062,3342
1740580100127,3326
1740580100157,3326
1740580100178,3322
1740580100198,3318
1740580100218,3310
1740580100241,3310
1740580100261,3294
1740580100282,3294
1740580100303,3286
1740580100344,3278
1740580100365,3278
1740580100394,3262
1740580100415,3262
1740580100436,3262
1740580100456,3254
1740580100494,3246
1740580100516,3230
1740580100538,3242
1740580100562,3230
1740580100603,3246
1740580100624,3286
1740580100668,3350
1740580100689,3386
1740580100711,3390
1740580100754,3454
1740580100776,3486
1740580100800,3510
1740580100862,3550
1740580100905,3578
1740580100927,3582
1740580100949,3614
1740580100978,3630
1740580100999,3646
1740580101019,3678
1740580101043,3678
1740580101063,3710
1740580101084,3710
1740580101104,3742
1740580101127,3758
1740580101148,3774
1740580101168,3790
1740580101198,3806
1740580101229,3838
1740580101251,3868
1740580101275,3886
1740580101316,3930
1740580101338,3950
1740580101362,3966
1740580101402,4030
1740580101424,4046
1740580101468,4086
1740580101495,4094
1740580101518,4142
1740580101538,4190
1740580101559,4270
1740580101600,4446
1740580101640,4606
1740580101662,4670
1740580101705,4830
1740580101727,4894
1740580101748,4974
1740580101778,5022
1740580101799,5054
1740580101820,5086
1740580101843,5118
1740580101864,5118
1740580101884,5166
1740580101904,5206
1740580101927,5230
1740580101948,5278
1740580101969,5294
1740580102004,5342
1740580102030,5366
1740580102051,5374
1740580102075,5406
1740580102116,5438
1740580102138,5470
1740580102162,5486
1740580102203,5502
1740580102224,5534
1740580102267,5566
1740580102294,5582
1740580102318,5598
1740580102338,5598
1740580102359,5622
1740580102379,5630
1740580102402,5630
1740580102423,5630
1740580102443,5678
1740580102527,5790
1740580102548,5846
1740580102579,5886
1740580102600,5942
1740580102620,5982
1740580102644,6014
1740580102664,6070
1740580102684,6110
1740580102705,6142
1740580102728,6142
1740580102749,6198
1740580102769,6206
1740580102805,6206
1740580102830,6230
1740580102851,6238
1740580102875,6238
1740580102916,6270
1740580102938,6270
1740580102962,6270
1740580103002,6270
1740580103024,6270
1740580103067,6294
1740580103095,6302
1740580103119,6318
1740580103139,6318
1740580103159,6302
1740580103180,6326
1740580103203,6334
1740580103223,6334
1740580103244,6334
1740580103265,6334
1740580103305,6334
1740580103332,6326
1740580103356,6334
1740580103376,6334
1740580103396,6334
1740580103417,6334
1740580103441,6350
1740580103462,6382
1740580103482,6398
1740580103502,6430
1740580103543,6494
1740580103570,6510
1740580103594,6510
1740580103615,6526
1740580103636,6558
1740580103656,6558
1740580103679,6574
1740580103700,6558
1740580103720,6526
1740580103740,6558
1740580103781,6558
1740580103809,6574
1740580103829,6574
1740580103867,6574
1740580103889,6558
1740580103910,6558
1740580103954,6574
1740580103975,6558
1740580103999,6574
1740580104040,6550
1740580104062,6558
1740580104105,6558
1740580104127,6526
1740580104148,6526
1740580104191,6526
1740580104213,6526
1740580104237,6526
1740580104278,6526
1740580104299,6510
1740580104324,6526
1740580104364,6526
1740580104394,6574
1740580104415,6590
1740580104436,6606
1740580104456,6622
1740580104479,6622
1740580104500,6638
1740580104521,6646
1740580104542,6654
1740580104565,6654
1740580104586,6654
1740580104618,6638
1740580104667,6638
1740580104689,6638
1740580104710,6622
1740580104754,6622
1740580104775,6638
1740580104799,6622
1740580104840,6606
1740580104862,6606
1740580104905,6590
1740580104933,6590
1740580104957,6590
1740580104978,6590
1740580104999,6582
1740580105019,6574
1740580105042,6574
1740580105063,6574
1740580105084,6558
1740580105105,6550
1740580105128,6558
1740580105160,6526
1740580105186,6526
1740580105229,6518
1740580105275,6526
1740580105316,6558
1740580105337,6574
1740580105361,6574
1740580105402,6622
1740580105424,6622
1740580105467,6638
1740580105495,6638
1740580105518,6638
1740580105539,6622
1740580105560,6606
1740580105580,6590
1740580105604,6606
1740580105624,6606
1740580105646,6590
1740580105667,6590
1740580105705,6590
1740580105732,6590
1740580105756,6574
1740580105776,6558
1740580105797,6558
1740580105818,6574
1740580105841,6558
1740580105862,6526
1740580105883,6526
1740580105904,6526
1740580105927,6526
1740580105959,6518
1740580106007,6510
1740580106051,6494
1740580106075,6478
1740580106115,6462
1740580106137,6462
1740580106161,6446
1740580106202,6446
1740580106224,6430
1740580106267,6446
1740580106294,6462
1740580106317,6462
1740580106338,6494
1740580106375,6510
1740580106400,6518
1740580106420,6526
1740580106462,6518
1740580106504,6526
1740580106526,6494
1740580106548,6494
1740580106578,6494
1740580106599,6486
1740580106620,6478
1740580106648,6486
1740580106664,6462
1740580106685,6462
1740580106706,6462
1740580106729,6462
1740580106750,6446
1740580106771,6446
1740580106806,6430
1740580106829,6398
1740580106851,6398
1740580106875,6398
1740580106915,6398
1740580106937,6382
1740580106961,6382
1740580107002,6366
1740580107024,6358
1740580107066,6334
1740580107094,6334
1740580107118,6334
1740580107139,6326
1740580107160,6318
1740580107180,6318
1740580107204,6302
1740580107225,6302
1740580107245,6302
1740580107266,6270
1740580107305,6318
1740580107333,6318
1740580107356,6334
1740580107377,6334
1740580107397,6334
1740580107418,6334
1740580107442,6350
1740580107462,6334
1740580107484,6334
1740580107505,6334
1740580107529,6318
1740580107561,6294
1740580107586,6270
1740580107628,6262
1740580107650,6254
1740580107675,6254
1740580107716,6238
1740580107737,6222
1740580107761,6206
1740580107802,6190
1740580107867,6142
1740580107895,6142
1740580107918,6142
1740580107940,6142
1740580107961,6142
1740580107981,6126
1740580108005,6110
1740580108026,6110
1740580108047,6094
1740580108068,6102
1740580108105,6078
1740580108132,6078
1740580108156,6062
1740580108176,6046
1740580108197,6046
1740580108218,6046
1740580108242,6046
1740580108264,6062
1740580108285,6062
1740580108306,6078
1740580108330,6062
1740580108362,6062
1740580108385,6046
1740580108429,6014
1740580108451,6014
1740580108475,5982
1740580108515,5950
1740580108537,5934
1740580108561,5918
1740580108602,5886
1740580108623,5870
1740580108667,5822
1740580108688,5822
1740580108710,5822
1740580108753,5782
1740580108775,5758
1740580108799,5758
1740580108840,5726
1740580108861,5710
1740580108904,5686
1740580108926,5662
1740580108962,5630
1740580108978,5630
1740580108999,5630
1740580109020,5622
1740580109049,5598
1740580109077,5566
1740580109099,5566
1740580109123,5550
1740580109189,5502
1740580109204,5534
1740580109223,5530
1740580109244,5526
1740580109266,5526
1740580109287,5502
1740580109310,5502
1740580109331,5486
1740580109355,5470
1740580109374,5454
1740580109396,5422
1740580109417,5374
1740580109460,5342
1740580109482,5310
1740580109504,5310
1740580109525,5294
1740580109547,5270
1740580109568,5238
1740580109593,5230
1740580109612,5206
1740580109633,5182
1740580109655,5166
1740580109698,5118
1740580109720,5118
1740580109741,5102
1740580109763,5086
1740580109785,5054
1740580109806,5046
1740580109828,5038
1740580109850,5038
1740580109871,4990
1740580109893,4990
1740580109917,4974
1740580109936,4958
1740580109958,4950
1740580109979,4926
1740580110001,4918
1740580110022,4910
1740580110044,4894
1740580110066,4886
1740580110087,4862
1740580110109,4854
1740580110131,4830
1740580110155,4830
1740580110174,4798
1740580110195,4798
1740580110217,4798
1740580110260,4798
1740580110282,4814
1740580110304,4814
1740580110325,4798
1740580110347,4790
1740580110368,4782
1740580110393,4766
1740580110412,4734
1740580110433,4734
1740580110455,4702
1740580110498,4654
1740580110520,4638
1740580110541,4606
1740580110563,4598
1740580110585,4590
1740580110606,4574
1740580110628,4542
1740580110649,4526
1740580110671,4510
1740580110693,4502
1740580110717,4478
1740580110736,4462
1740580110757,4446
1740580110779,4430
1740580110801,4414
1740580110822,4398
1740580110844,4382
1740580110866,4374
1740580110887,4350
1740580110909,4350
1740580110930,4318
1740580110955,4318
1740580110974,4302
1740580110995,4286
1740580111017,4278
1740580111039,4254
1740580111060,4238
1740580111082,4222
1740580111104,4206
1740580111125,4206
1740580111147,4190
1740580111168,4190
1740580111192,4158
1740580111212,4150
1740580111233,4142
1740580111255,4158
1740580111298,4158
1740580111320,4158
1740580111341,4158
1740580111363,4158
1740580111384,4158
1740580111406,4142
1740580111428,4142
1740580111449,4094
1740580111471,4094
1740580111493,4086
1740580111517,4062
1740580111536,4046
1740580111557,4030
1740580111579,4014
1740580111601,3998
1740580111622,3990
1740580111644,3966
1740580111666,3962
1740580111687,3950
1740580111709,3934
1740580111731,3918
1740580111754,3902
1740580111774,3886
1740580111795,3886
1740580111817,3862
1740580111860,3838
1740580111882,3822
1740580111903,3806
1740580111925,3798
1740580111947,3798
1740580111968,3774
1740580111992,3766
1740580112011,3742
1740580112033,3742
1740580112055,3726
1740580112098,3710
1740580112120,3694
1740580112141,3678
1740580112163,3670
1740580112184,3662
1740580112206,3662
1740580112228,3638
1740580112249,3630
1740580112271,3646
1740580112293,3662
1740580112317,3662
1740580112336,3658
1740580112357,3670
1740580112379,3662
1740580112422,3642
1740580112444,3630
1740580112466,3614
1740580112487,3582
1740580112509,3578
1740580112530,3566
1740580112554,3550
1740580112573,3542
1740580112595,3518
1740580112617,3518
1740580112639,3502
1740580112660,3486
1740580112682,3470
1740580112703,3454
1740580112725,3454
1740580112747,3438
1740580112768,3438
1740580112792,3406
1740580112812,3406
1740580112833,3390
1740580112855,3382
1740580112898,3358
1740580112919,3350
1740580112941,3326
1740580112963,3326
1740580112984,3310
1740580113006,3294
1740580113027,3294
1740580113049,3286
1740580113071,3262
1740580113093,3258
1740580113117,3254
1740580113136,3230
1740580113157,3222
1740580113179,3222
1740580113201,3214
1740580113222,3222
1740580113244,3242
1740580113265,3242
1740580113287,3246
1740580113308,3246
1740580113330,3246
1740580113355,3246
1740580113374,3242
1740580113395,3246
1740580113417,3230
1740580113438,3198
1740580113460,3190
1740580113482,3182
1740580113503,3158
1740580113525,3158
1740580113546,3134
1740580113568,3126
1740580113592,3118
1740580113611,3102
1740580113633,3070
1740580113655,3070
1740580113698,3054
1740580113719,3038
1740580113741,3038
1740580113763,3030
1740580113784,3006
1740580113806,2998
1740580113828,2986
1740580113849,2974
1740580113871,2966
1740580113892,2942
1740580113917,2942
1740580113936,2934
1740580113957,2926
1740580113979,2910
1740580114001,2906
1740580114022,2894
1740580114043,2878
1740580114065,2862
1740580114087,2862
1740580114109,2846
1740580114130,2846
1740580114154,2830
1740580114174,2814
1740580114195,2814
1740580114217,2814
1740580114260,2858
1740580114281,2870
1740580114303,2870
1740580114325,2878
1740580114346,2878
1740580114368,2878
1740580114392,2890
1740580114411,2878
1740580114433,2878
1740580114455,2862
1740580114498,2814
1740580114520,2814
1740580114541,2806
1740580114562,2798
1740580114584,2782
1740580114606,2782
1740580114627,2774
1740580114649,2750
1740580114671,2750
1740580114692,2734
1740580114716,2730
1740580114736,2714
1740580114757,2702
1740580114779,2686
1740580114800,2678
1740580114822,2670
1740580114844,2670
1740580114865,2650
1740580114887,2638
1740580114908,2622
1740580114930,2622
1740580114954,2614
1740580114973,2614
1740580114995,2590
1740580115017,2586
1740580115038,2574
1740580115060,2558
1740580115081,2558
1740580115103,2558
1740580115125,2542
1740580115146,2526
1740580115168,2518
1740580115192,2506
1740580115211,2518
1740580115233,2494
1740580115254,2494
1740580115298,2526
1740580115319,2558
1740580115341,2558
1740580115363,2586
1740580115384,2602
1740580115406,2590
1740580115427,2606
1740580115449,2614
1740580115471,2614
1740580115492,2614
1740580115516,2606
1740580115535,2590
1740580115557,2582
1740580115579,2558
1740580115600,2558
1740580115622,2550
1740580115643,2558
1740580115665,2542
1740580115686,2538
1740580115708,2542
1740580115730,2526
1740580115754,2518
1740580115773,2494
1740580115795,2510
1740580115816,2494
1740580115838,2486
1740580115860,2462
1740580115881,2470
1740580115903,2462
1740580115925,2430
1740580115946,2430
1740580115968,2430
1740580115992,2430
1740580116011,2414
1740580116033,2422
1740580116054,2398
1740580116098,2390
1740580116120,2390
1740580116141,2378
1740580116162,2366
1740580116184,2358
1740580116206,2358
1740580116227,2350
1740580116249,2334
1740580116270,2334
1740580116292,2334
1740580116316,2302
1740580116335,2302
1740580116357,2294
1740580116379,2302
1740580116400,2294
1740580116422,2294
1740580116465,2346
1740580116487,2366
1740580116508,2378
1740580116530,2398
1740580116554,2398
1740580116573,2414
1740580116595,2426
1740580116616,2430
1740580116638,2430
1740580116660,2446
1740580116681,2430
1740580116703,2422
1740580116725,2414
1740580116746,2414
1740580116768,2414
1740580116792,2398
1740580116811,2398
1740580116832,2394
1740580116854,2398
1740580116897,2382
1740580116919,2378
1740580116940,2378
1740580116962,2366
1740580116984,2358
1740580117006,2366
1740580117027,2346
1740580117049,2346
1740580117070,2334
1740580117092,2326
1740580117116,2326
1740580117136,2326
1740580117157,2302
1740580117200,2302
1740580117222,2294
1740580117243,2286
1740580117265,2286
1740580117287,2270
1740580117308,2270
1740580117330,2266
1740580117354,2262
1740580117373,2250
1740580117395,2238
1740580117416,2238
1740580117438,2230
1740580117460,2222
1740580117481,2206
1740580117503,2218
1740580117524,2206
1740580117568,2254
1740580117592,2286
1740580117611,2302
1740580117632,2302
1740580117654,2326
1740580117697,2342
1740580117719,2350
1740580117741,2358
1740580117762,2362
1740580117784,2350
1740580117805,2334
1740580117827,2330
1740580117849,2326
1740580117870,2318
1740580117892,2318
1740580117935,2302
1740580117957,2302
1740580117978,2294
1740580118000,2286
1740580118022,2282
1740580118043,2282
1740580118065,2266
1740580118088,2254
1740580118108,2238
1740580118130,2250
1740580118154,2238
1740580118173,2230
1740580118194,2222
1740580118216,2218
1740580118238,2206
1740580118260,2206
1740580118281,2198
1740580118303,2190
1740580118324,2174
1740580118346,2170
1740580118368,2142
1740580118392,2150
1740580118411,2134
1740580118432,2126
1740580118454,2126
1740580118498,2094
1740580118519,2094
1740580118541,2090
1740580118562,2078
1740580118584,2070
1740580118605,2046
1740580118627,2046
1740580118648,2046
1740580118670,2074
1740580118692,2110
1740580118717,2134
1740580118735,2154
1740580118757,2166
1740580118778,2174
1740580118800,2206
1740580118822,2222
1740580118843,2222
1740580118865,2238
1740580118887,2234
1740580118908,2230
1740580118930,2222
1740580118954,2198
1740580118974,2190
1740580118995,2174
1740580119016,2174
1740580119039,2174
1740580119059,2174
1740580119081,2174
1740580119103,2166
1740580119124,2158
1740580119146,2154
1740580119168,2138
1740580119193,2142
1740580119211,2122
1740580119232,2110
1740580119254,2110
1740580119297,2094
1740580119319,2086
1740580119341,2078
1740580119362,2070
1740580119384,2066
1740580119405,2046
1740580119427,2038
1740580119449,2030
1740580119470,2030
1740580119492,2026
1740580119516,2010
1740580119535,1998
1740580119557,1982
1740580119578,1982
1740580119600,1982
1740580119622,1978
1740580119644,1962
1740580119665,1950
1740580119687,1950
1740580119708,1934
1740580119730,1934
1740580119754,1918
1740580119773,1910
1740580119795,1918
1740580119816,1934
1740580119838,1966
1740580119860,2010
1740580119881,2030
1740580119903,2046
1740580119924,2070
1740580119946,2090
1740580119968,2102
1740580119992,2110
1740580120011,2126
1740580120032,2138
1740580120054,2134
1740580120097,2110
1740580120119,2102
1740580120141,2090
1740580120162,2094
1740580120184,2094
1740580120205,2094
1740580120227,2090
1740580120249,2078
1740580120270,2090
1740580120292,2078
1740580120317,2070
1740580120335,2046
1740580120357,2062
1740580120378,2046
1740580120400,2046
1740580120422,2042
1740580120443,2038
1740580120465,2042
1740580120486,2026
1740580120508,2026
1740580120530,2010
1740580120554,2006
1740580120573,1998
1740580120595,2004
1740580120616,1974
1740580120638,1998
1740580120659,1982
1740580120681,1982
1740580120703,1974
1740580120724,1958
1740580120746,1958
1740580120768,1946
1740580120792,1950
1740580120811,1942
1740580120832,1942
1740580120854,1934
1740580120897,1982
1740580120919,2014
1740580120940,2042
1740580120962,2062
1740580120984,2094
1740580121005,2102
1740580121027,2126
1740580121049,2140
1740580121070,2142
1740580121092,2142
1740580121116,2132
1740580121135,2122
1740580121157,2110
1740580121178,2110
1740580121201,2110
1740580121221,2110
1740580121243,2110
1740580121265,2102
1740580121286,2094
1740580121308,2102
1740580121330,2094
1740580121354,2094
1740580121373,2094
1740580121395,2070
1740580121416,2078
1740580121438,2070
1740580121459,2070
1740580121481,2046
1740580121503,2046
1740580121524,2046
1740580121546,2038
1740580121567,2030
1740580121592,2028
1740580121611,2010
1740580121633,2014
1740580121654,2006
1740580121697,1998
1740580121719,1994
1740580121740,1982
1740580121762,1966
1740580121805,1958
1740580121849,1974
1740580121870,1998
1740580121892,2046
1740580121916,2086
1740580121935,2110
1740580121957,2126
1740580121978,2142
1740580122000,2166
1740580122022,2190
1740580122043,2198
1740580122065,2214
1740580122086,2214
1740580122108,2198
1740580122130,2190
1740580122154,2174
1740580122173,2174
1740580122195,2174
1740580122216,2166
1740580122238,2174
1740580122259,2158
1740580122281,2158
1740580122303,2154
1740580122324,2142
1740580122346,2142
1740580122368,2134
1740580122392,2134
1740580122411,2134
1740580122432,2134
1740580122454,2122
1740580122497,2102
1740580122519,2102
1740580122540,2094
1740580122562,2094
1740580122584,2074
1740580122605,2074
1740580122627,2046
1740580122649,2046
1740580122670,2046
1740580122692,2046
1740580122716,2030
1740580122735,2026
1740580122757,2014
1740580122778,2012
1740580122801,2006
1740580122822,2004
1740580122843,1994
1740580122865,1982
1740580122886,2006
1740580122908,2046
1740580122930,2094
1740580122954,2126
1740580122973,2158
1740580122994,2174
1740580123016,2198
1740580123038,2222
1740580123059,2238
1740580123081,2262
1740580123103,2270
1740580123124,2286
1740580123146,2270
1740580123167,2254
1740580123192,2238
1740580123211,2222
1740580123232,2222
1740580123254,2230
1740580123297,2222
1740580123319,2218
1740580123340,2206
1740580123362,2198
1740580123384,2198
1740580123405,2190
1740580123427,2190
1740580123449,2174
1740580123470,2158
1740580123492,2166
1740580123516,2158
1740580123535,2154
1740580123557,2142
1740580123578,2138
1740580123600,2138
1740580123621,2126
1740580123643,2126
1740580123665,2110
1740580123687,2110
1740580123708,2094
1740580123730,2090
1740580123754,2094
1740580123773,2074
1740580123794,2078
1740580123816,2046
1740580123838,2068
1740580123859,2070
1740580123881,2046
1740580123903,2046
1740580123924,2030
1740580123946,2030
1740580123967,2026
1740580123992,2010
1740580124011,2014
1740580124032,2038
1740580124054,2090
1740580124097,2166
1740580124119,2204
1740580124140,2222
1740580124184,2270
1740580124205,2302
1740580124227,2326
1740580124248,2334
1740580124270,2350
1740580124292,2334
1740580124316,2326
1740580124335,2302
1740580124356,2302
1740580124378,2302
1740580124421,2326
1740580124443,2326
1740580124465,2318
1740580124486,2326
1740580124508,2318
1740580124529,2318
1740580124554,2302
1740580124573,2302
1740580124594,2302
1740580124616,2302
1740580124638,2302
1740580124659,2286
1740580124681,2294
1740580124702,2294
1740580124724,2294
1740580124746,2286
1740580124767,2270
1740580124791,2270
1740580124811,2270
1740580124832,2270
1740580124854,2270
1740580124897,2262
1740580124919,2250
1740580124940,2254
1740580124962,2254
1740580124984,2238
1740580125005,2238
1740580125027,2238
1740580125048,2238
1740580125070,2222
1740580125092,2218
1740580125116,2206
1740580125135,2198
1740580125156,2198
1740580125178,2196
1740580125200,2222
1740580125221,2270
1740580125243,2318
1740580125264,2358
1740580125287,2390
1740580125308,2414
1740580125329,2446
1740580125354,2462
1740580125373,2478
1740580125394,2494
1740580125416,2518
1740580125438,2518
1740580125459,2510
1740580125481,2510
1740580125502,2494
1740580125524,2494
1740580125546,2506
1740580125567,2510
1740580125591,2510
1740580125610,2516
1740580125632,2494
1740580125654,2510
1740580125697,2494
1740580125719,2494
1740580125740,2478
1740580125762,2478
1740580125783,2486
1740580125805,2478
1740580125827,2478
1740580125849,2474
1740580125892,2462
1740580125916,2462
1740580125935,2458
1740580125956,2462
1740580125978,2454
1740580126021,2430
1740580126043,2430
1740580126065,2430
1740580126086,2430
1740580126108,2422
1740580126129,2414
1740580126153,2410
1740580126173,2398
1740580126194,2398
1740580126216,2398
1740580126259,2390
1740580126281,2430
1740580126302,2478
1740580126324,2526
1740580126346,2558
1740580126367,2582
1740580126389,2606
1740580126411,2622
1740580126432,2662
1740580126454,2670
1740580126475,2686
1740580126497,2702
1740580126519,2686
1740580126540,2686
1740580126562,2670
1740580126583,2670
1740580126605,2670
1740580126627,2678
1740580126648,2670
1740580126670,2678
1740580126692,2670
1740580126713,2682
1740580126735,2686
1740580126756,2670
1740580126778,2654
1740580126800,2654
1740580126822,2654
1740580126843,2670
1740580126864,2654
1740580126886,2646
1740580126908,2650
1740580126929,2638
1740580126951,2638
1740580126973,2634
1740580126994,2622
1740580127016,2622
1740580127037,2622
1740580127059,2614
1740580127081,2612
1740580127102,2606
1740580127124,2590
1740580127146,2598
1740580127167,2586
1740580127189,2558
1740580127210,2582
1740580127232,2582
1740580127254,2558
1740580127275,2558
1740580127297,2558
1740580127319,2558
1740580127340,2558
1740580127362,2582
1740580127383,2614
1740580127405,2670
1740580127427,2730
1740580127448,2750
1740580127470,2782
1740580127492,2814
1740580127513,2854
1740580127535,2870
1740580127557,2894
1740580127578,2894
1740580127600,2814
1740580127621,2622
1740580127643,2382
1740580127664,1870
1740580127686,1198
1740580127709,522
1740580127729,586
1740580127751,650
1740580127773,886
1740580127795,1038
1740580127816,1174
1740580127837,1310
1740580127859,1486
1740580127881,1630
1740580127902,1790
1740580127924,1966
1740580127946,2126
1740580127967,2270
1740580127989,2446
1740580128010,2590
1740580128032,2718
1740580128054,2846
1740580128075,2974
1740580128097,3102
1740580128119,3222
1740580128140,3326
1740580128162,3454
1740580128184,3574
1740580128205,3662
1740580128227,3742
1740580128248,3838
1740580128270,3902
1740580128291,3966
1740580128313,4054
1740580128335,4126
1740580128356,4190
1740580128378,4298
1740580128400,4374
1740580128421,4462
1740580128443,4542
1740580128464,4622
1740580128486,4702
1740580128508,4798
1740580128529,4922
1740580128551,5054
1740580128573,5150
1740580128594,5278
1740580128616,5374
1740580128638,5486
1740580128659,5598
1740580128681,5662
1740580128702,5678
1740580128724,5694
1740580128746,5726
1740580128768,5742
1740580128789,5726
1740580128810,5726
1740580128832,5726
1740580128854,5726
1740580128875,5726
1740580128897,5726
1740580128919,5742
1740580128940,5742
1740580128962,5742
1740580128983,5758
1740580129005,5742
1740580129027,5758
1740580129048,5750
1740580129070,5742
1740580129091,5758
1740580129113,5742
1740580129156,5758
1740580129178,5758
1740580129200,5758
1740580129221,5758
1740580129243,5754
1740580129264,5758
1740580129286,5750
1740580129308,5758
1740580129329,5758
1740580129351,5758
1740580129372,5742
1740580129394,5742
1740580129416,5742
1740580129437,5742
1740580129459,5742
1740580129481,5726
1740580129502,5726
1740580129524,5726
1740580129545,5726
1740580129567,5726
1740580129589,5718
1740580129610,5718
1740580129632,5694
1740580129654,5694
1740580129675,5710
1740580129697,5742
1740580129719,5790
1740580129741,5822
1740580129762,5854
1740580129783,5886
1740580129805,5886
1740580129826,5934
1740580129848,5950
1740580129870,5950
1740580129891,5982
1740580129913,5982
1740580129935,5982
1740580129956,5950
1740580129978,5950
1740580129999,5950
1740580130021,5950
1740580130043,5950
1740580130064,5950
1740580130086,5950
1740580130108,5934
1740580130129,5934
1740580130151,5934
1740580130173,5934
1740580130194,5918
1740580130216,5918
1740580130237,5886
1740580130259,5886
1740580130281,5886
1740580130302,5886
1740580130324,5878
1740580130345,5870
1740580130367,5854
1740580130389,5854
1740580130410,5854
1740580130432,5838
1740580130453,5822
1740580130475,5822
1740580130497,5822
1740580130518,5806
1740580130540,5806
1740580130562,5806
1740580130583,5790
1740580130605,5790
1740580130626,5782
1740580130648,5758
1740580130670,5758
1740580130691,5750
1740580130713,5742
1740580130735,5750
1740580130756,5742
1740580130778,5758
1740580130800,5790
1740580130821,5814
1740580130843,5854
1740580130864,5886
1740580130886,5886
1740580130907,5918
1740580130929,5934
1740580130951,5934
1740580130972,5950
1740580130994,5950
1740580131016,5950
1740580131037,5934
1740580131059,5918
1740580131080,5886
1740580131102,5918
1740580131124,5886
1740580131145,5886
1740580131167,5886
1740580131189,5886
1740580131210,5886
1740580131232,5886
1740580131254,5870
1740580131275,5878
1740580131297,5870
1740580131318,5854
1740580131340,5854
1740580131362,5846
1740580131383,5822
1740580131405,5822
1740580131426,5822
1740580131448,5822
1740580131470,5806
1740580131491,5806
1740580131513,5790
1740580131535,5790
1740580131556,5790
1740580131578,5774
1740580131599,5782
1740580131621,5758
1740580131643,5758
1740580131664,5758
1740580131686,5742
1740580131708,5742
1740580131729,5726
1740580131751,5726
1740580131772,5742
1740580131794,5790
1740580131816,5822
1740580131837,5854
1740580131859,5886
1740580131925,5934
1740580131945,5950
1740580131966,5950
1740580131988,5974
1740580132009,5974
1740580132032,5950
1740580132053,5950
1740580132075,5934
1740580132097,5934
1740580132117,5934
1740580132139,5934
1740580132161,5918
1740580132183,5934
1740580132205,5918
1740580132226,5918
1740580132248,5886
1740580132270,5886
1740580132291,5886
1740580132313,5886
1740580132333,5886
1740580132355,5886
1740580132377,5886
1740580132399,5870
1740580132421,5886
1740580132443,5870
1740580132464,5870
1740580132486,5870
1740580132507,5854
1740580132529,5854
1740580132551,5854
1740580132572,5846
1740580132594,5854
1740580132615,5846
1740580132637,5838
1740580132659,5822
1740580132680,5846
1740580132702,5822
1740580132724,5822
1740580132745,5838
1740580132767,5846
1740580132789,5870
1740580132810,5886
1740580132832,5966
1740580132853,6038
1740580132875,6078
1740580132896,6142
1740580132918,6142
1740580132940,6206
1740580132960,6270
1740580132982,6302
1740580133005,6358
1740580133026,6398
1740580133048,6398
1740580133070,6398
1740580133091,6430
1740580133113,6430
1740580133134,6446
1740580133156,6462
1740580133199,6510
1740580133221,6518
1740580133243,6526
1740580133264,6550
1740580133285,6558
1740580133306,6574
1740580133328,6574
1740580133349,6582
1740580133371,6590
1740580133393,6590
1740580133414,6614
1740580133436,6622
1740580133459,6622
1740580133481,6638
1740580133502,6654
1740580133524,6654
1740580133566,6654
1740580133588,6654
1740580133610,6686
1740580133632,6702
1740580133653,6710
1740580133675,6718
1740580133697,6718
1740580133718,6734
1740580133740,6750
1740580133760,6750
1740580133783,6750
1740580133805,6766
1740580133826,6782
1740580133848,6782
1740580133869,6830
1740580133891,6894
1740580133934,7030
1740580133955,7070
1740580133977,7134
1740580133999,7166
1740580134021,7230
1740580134042,7278
1740580134063,7326
1740580134084,7358
1740580134106,7390
1740580134128,7414
1740580134150,7390
1740580134172,7406
1740580134194,7422
1740580134215,7422
1740580134237,7454
1740580134257,7454
1740580134280,7486
1740580134302,7486
1740580134324,7486
1740580134345,7502
1740580134367,7518
1740580134389,7518
1740580134410,7518
1740580134432,7534
1740580134453,7542
1740580134475,7550
1740580134497,7550
1740580134517,7550
1740580134540,7550
1740580134561,7550
1740580134584,7582
1740580134606,7518
1740580134626,7454
1740580134648,7390
1740580134669,7326
1740580134691,7262
1740580134713,7230
1740580134733,7166
1740580134756,7102
1740580134778,7038
1740580134799,6990
1740580134821,6926
1740580134842,6862
1740580134864,6806
1740580134885,6750
1740580134907,6686
1740580134929,6670
1740580134951,6654
1740580134972,6646
1740580134994,6654
1740580135037,6742
1740580135059,6766
1740580135080,6782
1740580135102,6806
1740580135124,6846
1740580135145,6846
1740580135167,6846
1740580135188,6846
1740580135210,6846
1740580135230,6846
1740580135252,6846
1740580135274,6862
1740580135295,6878
1740580135318,6878
1740580135340,6894
1740580135361,6878
1740580135382,6878
1740580135405,6878
1740580135426,6894
1740580135448,6894
1740580135470,6894
1740580135491,6894
1740580135513,6894
1740580135534,6878
1740580135556,6894
1740580135578,6894
1740580135599,6894
1740580135620,6894
1740580135642,6894
1740580135664,6894
1740580135686,6894
1740580135708,6878
1740580135729,6910
1740580135751,6902
1740580135771,6910
1740580135793,6902
1740580135814,6894
1740580135836,6894
1740580135857,6894
1740580135880,6894
1740580135902,6910
1740580135924,6942
1740580135945,6974
1740580135967,7022
1740580135988,7038
1740580136010,7070
1740580136032,7102
1740580136053,7102
1740580136075,7118
1740580136096,7134
1740580136139,7150
1740580136161,7134
1740580136183,7134
1740580136205,7118
1740580136226,7102
1740580136248,7102
1740580136270,7102
1740580136291,7102
1740580136313,7102
1740580136334,7102
1740580136355,7102
1740580136376,7102
1740580136399,7102
1740580136421,7102
1740580136442,7086
1740580136464,7086
1740580136486,7070
1740580136506,7070
1740580136529,7070
1740580136551,7038
1740580136572,7038
1740580136594,7038
1740580136614,7038
1740580136637,7038
1740580136659,7038
1740580136680,7030
1740580136702,7006
1740580136723,7006
1740580136745,7006
1740580136767,7006
1740580136788,6998
1740580136810,7006
1740580136832,6974
1740580136853,6974
1740580136874,6974
1740580136896,6974
1740580136918,6974
1740580136940,6998
1740580136961,7038
1740580136983,7038
1740580137005,7102
1740580137026,7118
1740580137048,7134
1740580137069,7134
1740580137091,7150
1740580137113,7166
1740580137134,7166
1740580137156,7150
1740580137177,7134
1740580137199,7134
1740580137242,7086
1740580137264,7070
1740580137286,7070
1740580137307,7038
1740580137329,7038
1740580137350,7038
1740580137372,7030
1740580137394,7006
1740580137415,7006
1740580137437,7006
1740580137459,6974
1740580137480,6974
1740580137502,6966
1740580137524,6942
1740580137545,6942
1740580137567,6910
1740580137588,6910
1740580137610,6910
1740580137631,6910
1740580137653,6878
1740580137675,6878
1740580137696,6878
1740580137718,6846
1740580137740,6846
1740580137761,6830
1740580137783,6830
1740580137804,6814
1740580137826,6782
1740580137848,6782
1740580137869,6782
1740580137891,6782
1740580137913,6766
1740580137934,6750
1740580137956,6750
1740580137977,6742
1740580137999,6734
1740580138021,6718
1740580138042,6750
1740580138064,6782
1740580138085,6806
1740580138107,6830
1740580138129,6830
1740580138151,6838
1740580138172,6838
1740580138194,6846
1740580138215,6830
1740580138237,6830
1740580138258,6814
1740580138280,6782
1740580138302,6766
1740580138345,6718
1740580138367,6702
1740580138388,6654
1740580138410,6654
1740580138431,6654
1740580138453,6638
1740580138475,6622
1740580138497,6622
1740580138518,6590
1740580138540,6574
1740580138561,6558
1740580138583,6526
1740580138604,6510
1740580138626,6494
1740580138648,6478
1740580138669,6462
1740580138691,6446
1740580138713,6446
1740580138734,6398
1740580138756,6398
1740580138778,6398
1740580138799,6366
1740580138821,6366
1740580138842,6334
1740580138864,6334
1740580138907,6302
1740580138950,6270
1740580138972,6254
1740580138994,6254
1740580139015,6238
1740580139037,6222
1740580139081,6206
1740580139102,6222
1740580139123,6254
1740580139145,6262
1740580139167,6270
1740580139188,6262
1740580139210,6270
1740580139232,6254
1740580139253,6238
1740580139275,6238
1740580139296,6206
1740580139318,6142
1740580139340,6142
1740580139361,6126
1740580139383,6110
1740580139405,6078
1740580139426,6070
1740580139448,6046
1740580139470,6014
1740580139491,6014
1740580139513,5998
1740580139534,5966
1740580139556,5950
1740580139577,5918
1740580139599,5886
1740580139621,5886
1740580139642,5870
1740580139664,5846
1740580139686,5822
1740580139708,5814
1740580139729,5790
1740580139751,5758
1740580139772,5750
1740580139794,5726
1740580139816,5718
1740580139837,5694
1740580139859,5662
1740580139880,5662
1740580139902,5630
1740580139926,5630
1740580139945,5598
1740580139967,5590
1740580140013,5550
1740580140032,5534
1740580140053,5502
1740580140075,5502
1740580140096,5494
1740580140118,5486
1740580140140,5502
1740580140161,5534
1740580140183,5534
1740580140205,5534
1740580140226,5502
1740580140250,5502
1740580140269,5502
1740580140291,5486
1740580140313,5462
1740580140334,5438
1740580140378,5374
1740580140399,5342
1740580140421,5310
1740580140443,5294
1740580140464,5270
1740580140488,5246
1740580140507,5230
1740580140529,5206
1740580140551,5174
1740580140594,5118
1740580140615,5102
1740580140637,5086
1740580140659,5054
1740580140680,5038
1740580140702,5014
1740580140726,4982
1740580140745,4958
1740580140767,4950
1740580140788,4918
1740580140813,4910
1740580140832,4862
1740580140853,4846
1740580140875,4846
1740580140897,4822
1740580140918,4798
1740580140940,4766
1740580140961,4758
1740580140983,4734
1740580141005,4718
1740580141026,4694
1740580141050,4670
1740580141071,4662
1740580141091,4638
1740580141113,4606
1740580141134,4598
1740580141156,4590
1740580141178,4558
1740580141199,4574
1740580141221,4590
1740580141243,4606
1740580141264,4606
1740580141307,4606
1740580141351,4598
1740580141394,4574
1740580141416,4558
1740580141437,4526
1740580141459,4494
1740580141480,4462
1740580141502,4438
1740580141526,4398
1740580141545,4382
1740580141567,4350
1740580141589,4334
1740580141613,4318
1740580141632,4302
1740580141653,4278
1740580141675,4254
1740580141718,4222
1740580141740,4202
1740580141761,4174
1740580141783,4158
1740580141805,4142
1740580141851,4094
1740580141870,4086
1740580141891,4062
1740580141913,4046
1740580141934,4046
1740580141956,4026
1740580141978,4014
1740580141999,3982
1740580142021,3966
1740580142043,3950
1740580142064,3950
1740580142088,3930
1740580142107,3918
1740580142129,3902
1740580142151,3886
1740580142194,3838
1740580142216,3838
1740580142237,3822
1740580142259,3806
1740580142280,3798
1740580142302,3774
1740580142326,3774
1740580142345,3770
1740580142367,3806
1740580142389,3822
1740580142413,3854
1740580142432,3870
1740580142453,3870
1740580142475,3882
1740580142498,3870
1740580142519,3878
1740580142540,3886
1740580142561,3886
1740580142583,3862
1740580142605,3838
1740580142626,3822
1740580142651,3798
1740580142670,3790
1740580142691,3774
1740580142713,3758
1740580142735,3758
1740580142756,3758
1740580142778,3742
1740580142799,3710
1740580142821,3710
1740580142842,3694
1740580142864,3694
1740580142888,3678
1740580142907,3670
1740580142929,3662
1740580142951,3638
1740580142994,3614
1740580143015,3582
1740580143037,3582
1740580143059,3582
1740580143081,3566
1740580143102,3550
1740580143126,3542
1740580143145,3534
1740580143167,3518
1740580143189,3510
1740580143213,3502
1740580143232,3478
1740580143253,3478
1740580143275,3454
1740580143297,3454
1740580143318,3454
1740580143340,3438
1740580143362,3422
1740580143385,3422
1740580143405,3414
1740580143426,3390
1740580143450,3386
1740580143470,3382
1740580143491,3402
1740580143513,3422
1740580143534,3454
1740580143556,3478
1740580143578,3502
1740580143599,3502
1740580143621,3514
1740580143642,3518
1740580143664,3518
1740580143688,3518
1740580143707,3518
1740580143729,3518
1740580143751,3502
1740580143794,3478
1740580143815,3470
1740580143837,3454
1740580143859,3454
1740580143880,3438
1740580143902,3446
1740580143926,3422
1740580143945,3422
1740580143967,3414
1740580143988,3406
1740580144013,3390
1740580144032,3386
1740580144054,3374
1740580144075,3370
1740580144097,3358
1740580144118,3350
1740580144140,3326
1740580144161,3326
1740580144183,3326
1740580144205,3318
1740580144226,3310
1740580144251,3306
1740580144272,3286
1740580144291,3278
1740580144313,3278
1740580144335,3278
1740580144356,3262
1740580144378,3262
1740580144399,3254
1740580144421,3230
1740580144442,3230
1740580144464,3222
1740580144489,3222
1740580144507,3214
1740580144529,3222
1740580144550,3246
1740580144594,3318
1740580144615,3342
1740580144637,3358
1740580144659,3374
1740580144680,3374
1740580144702,3406
1740580144726,3406
1740580144746,3422
1740580144767,3422
1740580144789,3406
1740580144813,3390
1740580144832,3382
1740580144853,3358
1740580144875,3358
1740580144896,3366
1740580144918,3358
1740580144940,3342
1740580144962,3350
1740580144983,3326
1740580145005,3326
1740580145026,3322
1740580145050,3318
1740580145069,3310
1740580145091,3294
1740580145113,3294
1740580145134,3286
1740580145156,3286
1740580145178,3278
1740580145199,3278
1740580145221,3254
1740580145242,3254
1740580145264,3246
1740580145288,3242
1740580145308,3230
1740580145329,3222
1740580145350,3198
1740580145394,3190
1740580145415,3190
1740580145437,3182
1740580145459,3178
1740580145480,3166
1740580145502,3166
1740580145526,3166
1740580145545,3158
1740580145567,3158
1740580145588,3146
1740580145613,3166
1740580145632,3198
1740580145653,3246
1740580145675,3310
1740580145718,3358
1740580145740,3382
1740580145761,3422
1740580145783,3446
1740580145805,3478
1740580145826,3486
1740580145851,3502
1740580145870,3518
1740580145891,3510
1740580145913,3502
1740580145934,3510
1740580145956,3510
1740580145978,3518
1740580145999,3518
1740580146021,3518
1740580146042,3518
1740580146088,3518
1740580146107,3542
1740580146129,3534
1740580146150,3550
1740580146194,3550
1740580146215,3550
1740580146237,3550
1740580146259,3562
1740580146281,3566
1740580146302,3566
1740580146326,3566
1740580146345,3566
1740580146367,3574
1740580146388,3566
1740580146453,3582
1740580146475,3574
1740580146497,3582
1740580146518,3582
1740580146540,3582
1740580146561,3582
1740580146585,3582
1740580146605,3582
1740580146626,3582
1740580146650,3582
1740580146669,3582
1740580146691,3582
1740580146713,3582
1740580146734,3614
1740580146756,3646
1740580146777,3710
1740580146821,3822
1740580146842,3870
1740580146864,3918
1740580146888,3966
1740580146907,4014
1740580146929,4054
1740580146950,4094
1740580146994,4150
1740580147015,4158
1740580147037,4174
1740580147061,4190
1740580147080,4214
1740580147102,4222
1740580147126,4270
1740580147145,4278
1740580147167,4302
1740580147188,4318
1740580147232,4334
1740580147254,4350
1740580147275,4374
1740580147299,4382
1740580147318,4398
1740580147340,4398
1740580147361,4414
1740580147383,4414
1740580147405,4446
1740580147426,4438
1740580147450,4462
1740580147469,4462
1740580147491,4470
1740580147513,4478
1740580147535,4478
1740580147556,4502
1740580147578,4510
1740580147599,4510
1740580147621,4526
1740580147643,4526
1740580147664,4542
1740580147688,4542
1740580147707,4558
1740580147729,4574
1740580147750,4574
1740580147794,4590
1740580147815,4590
1740580147837,4598
1740580147858,4606
1740580147880,4606
1740580147902,4670
1740580147926,4734
1740580147945,4798
1740580147967,4862
1740580147988,4910
1740580148032,5014
1740580148053,5054
1740580148075,5102
1740580148097,5118
1740580148118,5150
1740580148140,5166
1740580148161,5182
1740580148183,5198
1740580148205,5214
1740580148227,5238
1740580148250,5246
1740580148269,5270
1740580148291,5294
1740580148313,5302
1740580148334,5310
1740580148356,5310
1740580148377,5326
1740580148399,5342
1740580148423,5342
1740580148442,5374
1740580148464,5374
1740580148488,5374
1740580148507,5374
1740580148529,5374
1740580148550,5374
1740580148594,5406
1740580148615,5422
1740580148637,5422
1740580148661,5422
1740580148680,5422
1740580148702,5438
1740580148726,5438
1740580148745,5438
1740580148767,5438
1740580148788,5438
1740580148832,5454
1740580148853,5454
1740580148875,5470
1740580148900,5470
1740580148918,5470
1740580148940,5526
1740580148964,5582
1740580148983,5630
1740580149005,5694
1740580149026,5726
1740580149050,5758
1740580149069,5806
1740580149091,5822
1740580149113,5854
1740580149134,5886
1740580149156,5886
1740580149177,5886
1740580149200,5918
1740580149221,5886
1740580149264,5918
1740580149289,5918
1740580149307,5934
1740580149329,5942
1740580149350,5934
1740580149394,5934
1740580149415,5950
1740580149437,5942
1740580149459,5950
1740580149480,5950
1740580149502,5950
1740580149526,5942
1740580149545,5942
1740580149567,5942
1740580149589,5934
1740580149632,5934
1740580149653,5934
1740580149675,5950
1740580149696,5934
1740580149718,5934
1740580149740,5918
1740580149764,5918
1740580149783,5918
1740580149805,5918
1740580149826,5918
1740580149851,5886
1740580149869,5886
1740580149891,5886
1740580149913,5886
1740580149934,5886
1740580149956,5886
1740580149978,5886
1740580149999,5878
1740580150021,5886
1740580150042,5886
1740580150064,5942
1740580150089,5998
1740580150107,6014
1740580150129,6062
1740580150151,6078
1740580150173,6110
1740580150194,6126
1740580150215,6142
1740580150237,6142
1740580150261,6142
1740580150280,6142
1740580150326,6142
1740580150345,6142
1740580150367,6126
1740580150388,6126
1740580150432,6126
1740580150453,6110
1740580150475,6110
1740580150497,6110
1740580150518,6078
1740580150540,6046
1740580150564,6014
1740580150583,6038
1740580150605,6038
1740580150626,6014
1740580150650,6014
1740580150669,6014
1740580150691,5998
1740580150713,5982
1740580150737,5974
1740580150756,5974
1740580150778,5950
1740580150799,5950
1740580150821,5934
1740580150843,5918
1740580150864,5918
1740580150888,5886
1740580150907,5886
1740580150929,5886
1740580150951,5886
1740580150972,5870
1740580150994,5870
1740580151016,5854
1740580151037,5854
1740580151059,5846
1740580151081,5838
1740580151102,5814
1740580151126,5806
1740580151146,5806
1740580151167,5790
1740580151189,5758
1740580151232,5854
1740580151253,5878
1740580151275,5886
1740580151297,5886
1740580151318,5918
1740580151340,5918
1740580151364,5934
1740580151383,5934
1740580151427,5950
1740580151451,5934
1740580151470,5886
1740580151491,5886
1740580151513,5886
1740580151534,5870
1740580151556,5870
1740580151578,5854
1740580151600,5854
1740580151621,5846
1740580151643,5822
1740580151665,5806
1740580151688,5790
1740580151707,5782
1740580151729,5758
1740580151751,5750
1740580151772,5742
1740580151794,5718
1740580151816,5710
1740580151837,5694
1740580151861,5678
1740580151880,5678
1740580151902,5630
1740580151926,5630
1740580151945,5630
1740580151967,5614
1740580151989,5614
1740580152032,5566
1740580152053,5566
1740580152075,5558
1740580152099,5550
1740580152119,5526
1740580152140,5534
1740580152164,5502
1740580152183,5502
1740580152205,5526
1740580152227,5566
1740580152251,5598
1740580152270,5614
1740580152291,5622
1740580152313,5630
1740580152356,5630
1740580152378,5630
1740580152399,5630
1740580152421,5630
1740580152443,5598
1740580152464,5590
1740580152488,5566
1740580152507,5566
1740580152529,5562
1740580152551,5550
1740580152572,5550
1740580152594,5534
1740580152616,5526
1740580152637,5502
1740580152659,5502
1740580152680,5494
1740580152702,5486
1740580152726,5470
1740580152745,5454
1740580152767,5438
1740580152789,5438
1740580152832,5406
1740580152853,5406
1740580152875,5374
1740580152897,5374
1740580152918,5374
1740580152940,5358
1740580152964,5358
1740580152983,5342
1740580153005,5334
1740580153026,5310
1740580153051,5310
1740580153070,5294
1740580153092,5294
1740580153113,5302
1740580153135,5342
1740580153156,5374
1740580153178,5406
1740580153199,5422
1740580153224,5438
1740580153243,5454
1740580153264,5470
1740580153289,5486
1740580153308,5502
1740580153329,5502
1740580153351,5502
1740580153372,5486
1740580153394,5462
1740580153416,5470
1740580153438,5454
1740580153459,5438
1740580153480,5438
1740580153502,5438
1740580153526,5438
1740580153545,5438
1740580153567,5438
1740580153588,5422
1740580153632,5406
1740580153653,5406
1740580153675,5422
1740580153697,5406
1740580153718,5406
1740580153740,5406
1740580153764,5406
1740580153783,5406
1740580153805,5374
1740580153827,5406
1740580153851,5374
1740580153870,5374
1740580153891,5374
1740580153913,5406
1740580153934,5374
1740580153956,5406
1740580153978,5374
1740580154000,5406
1740580154021,5406
1740580154043,5438
1740580154065,5494
1740580154088,5550
1740580154110,5614
1740580154129,5630
1740580154151,5718
1740580154172,5758
1740580154194,5822
1740580154216,5854
1740580154237,5886
1740580154259,5918
1740580154280,5950
1740580154302,5950
1740580154326,5950
1740580154345,5966
1740580154367,5982
1740580154389,5998
1740580154432,6014
1740580154453,6038
1740580154475,6062
1740580154497,6070
1740580154518,6078
1740580154564,6110
1740580154586,6110
1740580154605,6134
1740580154626,6142
1740580154651,6142
1740580154670,6142
1740580154691,6142
1740580154713,6142
1740580154739,6190
1740580154756,6206
1740580154778,6206
1740580154800,6206
1740580154821,6230
1740580154843,6238
1740580154864,6238
1740580154888,6254
1740580154929,6270
1740580154951,6270
1740580154972,6270
1740580154994,6334
1740580155016,6398
1740580155038,6462
1740580155059,6518
1740580155080,6558
1740580155102,6622
1740580155126,6654
1740580155145,6702
1740580155167,6750
1740580155189,6782
1740580155232,6830
1740580155253,6830
1740580155297,6830
1740580155318,6846
1740580155340,6878
1740580155364,6878
1740580155383,6894
1740580155405,6910
1740580155426,6910
1740580155450,6910
1740580155470,6910
1740580155491,6910
1740580155513,6942
1740580155535,6942
1740580155556,6942
1740580155578,6942
1740580155599,6974
1740580155621,6958
1740580155665,6974
1740580155689,6974
1740580155707,6974
1740580155729,7006
1740580155772,7022
1740580155794,7022
1740580155816,7022
1740580155837,7022
1740580155859,7038
1740580155880,7038
1740580155902,7086
1740580155926,7126
1740580155945,7166
1740580155967,7230
1740580155989,7278
1740580156032,7342
1740580156053,7374
1740580156075,7390
1740580156097,7422
1740580156118,7422
1740580156140,7422
1740580156164,7422
1740580156183,7406
1740580156205,7422
1740580156226,7422
1740580156251,7422
1740580156270,7422
1740580156291,7422
1740580156313,7454
1740580156334,7454
1740580156356,7454
1740580156399,7470
1740580156421,7470
1740580156443,7486
1740580156488,7486
1740580156507,7486
1740580156529,7486
1740580156551,7486
1740580156572,7486
1740580156594,7486
1740580156615,7502
1740580156637,7510
1740580156659,7502
1740580156680,7486
1740580156726,7518
1740580156767,7518
1740580156788,7550
1740580156833,7646
1740580156853,7582
1740580156875,7518
1740580156897,7470
1740580156918,7438
1740580156940,7390
1740580156964,7342
1740580156986,7278
1740580157005,7238
1740580157026,7150
1740580157050,7082
1740580157069,7006
1740580157091,6942
1740580157134,6886
1740580157156,6822
1740580157178,6766
1740580157199,6694
1740580157224,6638
1740580157243,6574
1740580157264,6502
1740580157288,6430
1740580157307,6366
1740580157329,6286
1740580157351,6238
1740580157372,6158
1740580157394,6094
1740580157415,6030
1740580157459,5950
1740580157502,5870
1740580157526,5806
1740580157545,5742
1740580157567,5670
1740580157588,5598
1740580157632,5534
1740580157653,5470
1740580157675,5406
1740580157697,5326
1740580157718,5278
1740580157740,5278
1740580157764,5326
1740580157783,5342
1740580157805,5374
1740580157826,5406
1740580157850,5422
1740580157870,5438
1740580157891,5454
1740580157913,5462
1740580157937,5470
1740580157956,5470
1740580157978,5438
1740580157999,5422
1740580158021,5406
1740580158043,5374
1740580158065,5374
1740580158088,5374
1740580158107,5358
1740580158129,5358
